#Taken at http://www.tng.iac.es/instruments/nics/imaging.html
#nm    Jband
1040   0.0017
1040.6   0.0018
1041.2   0.0019
1041.8   0.002
1042.4   0.002
1043   0.0021
1043.6   0.0022
1044.2   0.0022
1044.8   0.0023
1045.4   0.0023
1046   0.0023
1046.6   0.0023
1047.2   0.0023
1047.8   0.0023
1048.4   0.0025
1049   0.0027
1049.6   0.0029
1050.2   0.0031
1050.8   0.0032
1051.4   0.0032
1052   0.0033
1052.6   0.0033
1053.2   0.0035
1053.8   0.0036
1054.4   0.0037
1055   0.0038
1055.6   0.0039
1056.2   0.004
1056.8   0.004
1057.4   0.0042
1058   0.0043
1058.6   0.0045
1059.2   0.0046
1059.8   0.0048
1060.4   0.005
1061   0.0051
1061.6   0.0053
1062.2   0.0055
1062.8   0.0057
1063.4   0.0058
1064   0.006
1064.6   0.0062
1065.2   0.0063
1065.8   0.0065
1066.4   0.0066
1067   0.0068
1067.6   0.0071
1068.2   0.0074
1068.8   0.0077
1069.4   0.008
1070   0.0082
1070.6   0.0085
1071.2   0.0088
1071.8   0.0091
1072.4   0.0094
1073   0.0098
1073.6   0.0101
1074.2   0.0104
1074.8   0.0108
1075.4   0.0112
1076   0.0116
1076.6   0.012
1077.2   0.0124
1077.8   0.0129
1078.4   0.0134
1079   0.014
1079.6   0.0145
1080.2   0.018
1080.8   0.0187
1081.4   0.0195
1082   0.0203
1082.6   0.0211
1083.2   0.0219
1083.8   0.0228
1084.4   0.0237
1085   0.0246
1085.6   0.0255
1086.2   0.0264
1086.8   0.0275
1087.4   0.0287
1088   0.0297
1088.6   0.0309
1089.2   0.0322
1089.8   0.0335
1090.4   0.0349
1091   0.0364
1091.6   0.0379
1092.2   0.0395
1092.8   0.0412
1093.4   0.043
1094   0.0448
1094.6   0.0467
1095.2   0.0488
1095.8   0.0511
1096.4   0.0534
1097   0.056
1097.6   0.0586
1098.2   0.0614
1098.8   0.0643
1099.4   0.0675
1100   0.0708
1100.6   0.0742
1101.2   0.0778
1101.8   0.0815
1102.4   0.0854
1103   0.0894
1103.6   0.0937
1104.2   0.0982
1104.8   0.103
1105.4   0.1079
1106   0.1131
1106.6   0.1185
1107.2   0.124
1107.8   0.1298
1108.4   0.1358
1109   0.1419
1109.6   0.1484
1110.2   0.1551
1110.8   0.162
1111.4   0.1691
1112   0.1764
1112.6   0.1839
1113.2   0.1915
1113.8   0.1993
1114.4   0.2073
1115   0.215
1115.6   0.2227
1116.2   0.231
1116.8   0.2394
1117.4   0.248
1118   0.2566
1118.6   0.2658
1119.2   0.2748
1119.8   0.2834
1120.4   0.2921
1121   0.3008
1121.6   0.3094
1122.2   0.3177
1122.8   0.326
1123.4   0.3343
1124   0.3426
1124.6   0.3507
1125.2   0.3588
1125.8   0.3666
1126.4   0.3741
1127   0.3816
1127.6   0.3888
1128.2   0.3959
1128.8   0.403
1129.4   0.4097
1130   0.4161
1130.6   0.4224
1131.2   0.4285
1131.8   0.4341
1132.4   0.4395
1133   0.4448
1133.6   0.4502
1134.2   0.4553
1134.8   0.4602
1135.4   0.465
1136   0.4696
1136.6   0.474
1137.2   0.4782
1137.8   0.4823
1138.4   0.4862
1139   0.49
1139.6   0.4936
1140.2   0.4972
1140.8   0.5007
1141.4   0.504
1142   0.5073
1142.6   0.5106
1143.2   0.5136
1143.8   0.5164
1144.4   0.5193
1145   0.5221
1145.6   0.5248
1146.2   0.5277
1146.8   0.5307
1147.4   0.5333
1148   0.5355
1148.6   0.5378
1149.2   0.5402
1149.8   0.5422
1150.4   0.5444
1151   0.5469
1151.6   0.5494
1152.2   0.5515
1152.8   0.5536
1153.4   0.5558
1154   0.5584
1154.6   0.5606
1155.2   0.5626
1155.8   0.5647
1156.4   0.5666
1157   0.568
1157.6   0.5696
1158.2   0.5714
1158.8   0.5731
1159.4   0.5746
1160   0.5761
1160.6   0.5777
1161.2   0.5792
1161.8   0.5808
1162.4   0.5824
1163   0.5839
1163.6   0.5854
1164.2   0.5867
1164.8   0.588
1165.4   0.5892
1166   0.5901
1166.6   0.5911
1167.2   0.5922
1167.8   0.5932
1168.4   0.5943
1169   0.5954
1169.6   0.5965
1170.2   0.5974
1170.8   0.5981
1171.4   0.5988
1172   0.5994
1172.6   0.6
1173.2   0.6006
1173.8   0.6012
1174.4   0.6018
1175   0.6025
1175.6   0.6029
1176.2   0.6032
1176.8   0.6034
1177.4   0.6036
1178   0.6037
1178.6   0.6038
1179.2   0.6039
1179.8   0.604
1180.4   0.604
1181   0.6039
1181.6   0.6039
1182.2   0.6038
1182.8   0.6037
1183.4   0.6035
1184   0.6033
1184.6   0.6032
1185.2   0.603
1185.8   0.6028
1186.4   0.6026
1187   0.6024
1187.6   0.602
1188.2   0.6017
1188.8   0.6014
1189.4   0.601
1190   0.6007
1190.6   0.6004
1191.2   0.6001
1191.8   0.5997
1192.4   0.5994
1193   0.599
1193.6   0.5985
1194.2   0.598
1194.8   0.5977
1195.4   0.5972
1196   0.5969
1196.6   0.5966
1197.2   0.5964
1197.8   0.5961
1198.4   0.5957
1199   0.5954
1199.6   0.595
1200.2   0.5947
1200.8   0.5943
1201.4   0.5939
1202   0.5934
1202.6   0.5931
1203.2   0.5928
1203.8   0.5927
1204.4   0.5926
1205   0.5925
1205.6   0.5922
1206.2   0.592
1206.8   0.5917
1207.4   0.5915
1208   0.5913
1208.6   0.5912
1209.2   0.5913
1209.8   0.5912
1210.4   0.5907
1211   0.5905
1211.6   0.5905
1212.2   0.5904
1212.8   0.5902
1213.4   0.5903
1214   0.5905
1214.6   0.5906
1215.2   0.5906
1215.8   0.5907
1216.4   0.591
1217   0.5913
1217.6   0.5915
1218.2   0.5917
1218.8   0.5919
1219.4   0.592
1220   0.5922
1220.6   0.5924
1221.2   0.5926
1221.8   0.5929
1222.4   0.5932
1223   0.5935
1223.6   0.5937
1224.2   0.594
1224.8   0.5942
1225.4   0.5945
1226   0.5949
1226.6   0.5952
1227.2   0.5956
1227.8   0.5959
1228.4   0.5963
1229   0.5966
1229.6   0.5969
1230.2   0.5972
1230.8   0.5976
1231.4   0.598
1232   0.5984
1232.6   0.5989
1233.2   0.5992
1233.8   0.5994
1234.4   0.5996
1235   0.5999
1235.6   0.6002
1236.2   0.6006
1236.8   0.6011
1237.4   0.6015
1238   0.6021
1238.6   0.6027
1239.2   0.6026
1239.8   0.6026
1240.4   0.6029
1241   0.603
1241.6   0.6034
1242.2   0.6044
1242.8   0.6045
1243.4   0.6042
1244   0.6044
1244.6   0.604
1245.2   0.6032
1245.8   0.6035
1246.4   0.6046
1247   0.6053
1247.6   0.6053
1248.2   0.6048
1248.8   0.6048
1249.4   0.6046
1250   0.6042
1250.6   0.6042
1251.2   0.605
1251.8   0.6054
1252.4   0.6055
1253   0.6055
1253.6   0.6056
1254.2   0.6057
1254.8   0.6057
1255.4   0.6058
1256   0.6058
1256.6   0.6058
1257.2   0.6059
1257.8   0.606
1258.4   0.6059
1259   0.6059
1259.6   0.6059
1260.2   0.6061
1260.8   0.6062
1261.4   0.6064
1262   0.6066
1262.6   0.6067
1263.2   0.6069
1263.8   0.607
1264.4   0.6073
1265   0.6076
1265.6   0.6079
1266.2   0.6082
1266.8   0.6086
1267.4   0.609
1268   0.6095
1268.6   0.61
1269.2   0.6102
1269.8   0.6105
1270.4   0.6109
1271   0.6114
1271.6   0.6118
1272.2   0.6123
1272.8   0.613
1273.4   0.6136
1274   0.6142
1274.6   0.6148
1275.2   0.6155
1275.8   0.6162
1276.4   0.6169
1277   0.6177
1277.6   0.6186
1278.2   0.6198
1278.8   0.6207
1279.4   0.6213
1280   0.622
1280.6   0.623
1281.2   0.6237
1281.8   0.6245
1282.4   0.6258
1283   0.627
1283.6   0.6283
1284.2   0.6295
1284.8   0.6309
1285.4   0.6321
1286   0.6335
1286.6   0.6348
1287.2   0.6363
1287.8   0.6376
1288.4   0.6392
1289   0.6407
1289.6   0.6421
1290.2   0.6437
1290.8   0.6453
1291.4   0.647
1292   0.6485
1292.6   0.6501
1293.2   0.6524
1293.8   0.6549
1294.4   0.6561
1295   0.6567
1295.6   0.6582
1296.2   0.6597
1296.8   0.6605
1297.4   0.662
1298   0.6648
1298.6   0.6674
1299.2   0.6694
1299.8   0.671
1300.4   0.6727
1301   0.6745
1301.6   0.6761
1302.2   0.6776
1302.8   0.6794
1303.4   0.6813
1304   0.683
1304.6   0.6847
1305.2   0.6863
1305.8   0.688
1306.4   0.6896
1307   0.6911
1307.6   0.6925
1308.2   0.694
1308.8   0.6955
1309.4   0.6969
1310   0.6983
1310.6   0.6997
1311.2   0.7008
1311.8   0.7018
1312.4   0.7028
1313   0.7038
1313.6   0.7048
1314.2   0.7058
1314.8   0.7067
1315.4   0.7074
1316   0.7081
1316.6   0.7088
1317.2   0.7095
1317.8   0.7103
1318.4   0.7113
1319   0.7124
1319.6   0.7134
1320.2   0.7139
1320.8   0.7143
1321.4   0.7146
1322   0.7142
1322.6   0.7137
1323.2   0.7137
1323.8   0.7138
1324.4   0.7139
1325   0.7145
1325.6   0.7152
1326.2   0.7146
1326.8   0.714
1327.4   0.7137
1328   0.7131
1328.6   0.7123
1329.2   0.7125
1329.8   0.7128
1330.4   0.7121
1331   0.7112
1331.6   0.7106
1332.2   0.7098
1332.8   0.7089
1333.4   0.7085
1334   0.7087
1334.6   0.7093
1335.2   0.7091
1335.8   0.7076
1336.4   0.7065
1337   0.7057
1337.6   0.7043
1338.2   0.7028
1338.8   0.7024
1339.4   0.7025
1340   0.7021
1340.6   0.7014
1341.2   0.7008
1341.8   0.7002
1342.4   0.6996
1343   0.6991
1343.6   0.6986
1344.2   0.698
1344.8   0.6976
1345.4   0.6971
1346   0.6966
1346.6   0.6963
1347.2   0.696
1347.8   0.6965
1348.4   0.6978
1349   0.6975
1349.6   0.6957
1350.2   0.6947
1350.8   0.6942
1351.4   0.6928
1352   0.6919
1352.6   0.6928
1353.2   0.6939
1353.8   0.6944
1354.4   0.6946
1355   0.6948
1355.6   0.6952
1356.2   0.6955
1356.8   0.6957
1357.4   0.6957
1358   0.6962
1358.6   0.6964
1359.2   0.6965
1359.8   0.697
1360.4   0.6984
1361   0.6995
1361.6   0.7
1362.2   0.7003
1362.8   0.7009
1363.4   0.7018
1364   0.7022
1364.6   0.7029
1365.2   0.704
1365.8   0.7053
1366.4   0.706
1367   0.7064
1367.6   0.7071
1368.2   0.708
1368.8   0.7089
1369.4   0.7116
1370   0.7149
1370.6   0.7151
1371.2   0.7141
1371.8   0.7146
1372.4   0.7145
1373   0.7129
1373.6   0.7128
1374.2   0.7151
1374.8   0.7169
1375.4   0.7181
1376   0.7186
1376.6   0.719
1377.2   0.7199
1377.8   0.7204
1378.4   0.7201
1379   0.7204
1379.6   0.7214
1380.2   0.7214
1380.8   0.7214
1381.4   0.7228
1382   0.7237
1382.6   0.7236
1383.2   0.7239
1383.8   0.7245
1384.4   0.7247
1385   0.7245
1385.6   0.7241
1386.2   0.7242
1386.8   0.7245
1387.4   0.7245
1388   0.7244
1388.6   0.7243
1389.2   0.724
1389.8   0.7231
1390.4   0.7226
1391   0.7231
1391.6   0.7234
1392.2   0.7235
1392.8   0.7235
1393.4   0.7235
1394   0.723
1394.6   0.7224
1395.2   0.7223
1395.8   0.7226
1396.4   0.7224
1397   0.722
1397.6   0.7212
1398.2   0.7203
1398.8   0.7196
1399.4   0.7192
1400   0.7189
1400.6   0.7184
1401.2   0.7176
1401.8   0.7163
1402.4   0.7143
1403   0.7122
1403.6   0.7104
1404.2   0.7082
1404.8   0.7055
1405.4   0.7027
1406   0.6994
1406.6   0.6951
1407.2   0.6902
1407.8   0.6854
1408.4   0.6797
1409   0.6734
1409.6   0.6664
1410.2   0.6586
1410.8   0.6498
1411.4   0.6401
1412   0.6297
1412.6   0.6187
1413.2   0.607
1413.8   0.5941
1414.4   0.5804
1415   0.5661
1415.6   0.5509
1416.2   0.5348
1416.8   0.5182
1417.4   0.5012
1418   0.4839
1418.6   0.466
1419.2   0.448
1419.8   0.4298
1420.4   0.4116
1421   0.3933
1421.6   0.3752
1422.2   0.3575
1422.8   0.34
1423.4   0.3231
1424   0.3066
1424.6   0.2902
1425.2   0.2743
1425.8   0.2591
1426.4   0.2447
1427   0.2307
1427.6   0.2177
1428.2   0.2056
1428.8   0.1937
1429.4   0.1824
1430   0.1718
1430.6   0.1684
1431.2   0.1585
1431.8   0.1492
1432.4   0.1404
1433   0.1322
1433.6   0.1245
1434.2   0.1172
1434.8   0.1103
1435.4   0.104
1436   0.0979
1436.6   0.0922
1437.2   0.0867
1437.8   0.0816
1438.4   0.0767
1439   0.0719
1439.6   0.0674
1440.2   0.063
1440.8   0.0588
1441.4   0.0551
1442   0.0518
1442.6   0.0488
1443.2   0.046
1443.8   0.0435
1444.4   0.0411
1445   0.0388
1445.6   0.0366
1446.2   0.0346
1446.8   0.0327
1447.4   0.031
1448   0.0293
1448.6   0.0278
1449.2   0.0264
1449.8   0.0251
1450.4   0.0239
1451   0.0224
1451.6   0.0207
1452.2   0.0194
1452.8   0.0183
1453.4   0.0174
1454   0.0164
1454.6   0.0158
1455.2   0.0155
1455.8   0.015
1456.4   0.0143
1457   0.0136
1457.6   0.0129
1458.2   0.0123
1458.8   0.0118
1459.4   0.0112
1460   0.0107
1460.6   0.0102
1461.2   0.0097
1461.8   0.0092
1462.4   0.0089
1463   0.0085
1463.6   0.0081
1464.2   0.0077
1464.8   0.0073
1465.4   0.0069
1466   0.0065
1466.6   0.0062
1467.2   0.0059
1467.8   0.0056
1468.4   0.0053
1469   0.0051
1469.6   0.0049
1470.2   0.0046
1470.8   0.0044
1471.4   0.0042
1472   0.004
1472.6   0.0038
1473.2   0.0036
1473.8   0.0033
1474.4   0.0031
1475   0.003
1475.6   0.0028
1476.2   0.0026
1476.8   0.0024
1477.4   0.0022
1478   0.0021
1478.6   0.0019
1479.2   0.0018
1479.8   0.0016
1480.4   0.0015
1481   0.0014
1481.6   0.0013
1482.2  0.0011
1482.8   0.0009
1483.4   0.0008
1484   0.0006
1484.6   0.0004
1485.2   0.0003
1485.8   0

