# UVOT_u
# energy
# UVOT/u SWIFT telescope from svo2 website       
2827.496 0
2832.496 1.272e-05
2837.496 4.626e-05
2842.496 6.468e-05
2847.496 6.206e-05
2852.496 5.73e-05
2857.496 5.793e-05
2862.496 5.913e-05
2867.496 5.888e-05
2872.496 5.849e-05
2877.496 5.847e-05
2882.496 5.85e-05
2887.496 5.843e-05
2892.496 5.834e-05
2897.496 5.828e-05
2902.496 5.822e-05
2907.496 5.816e-05
2912.496 5.809e-05
2917.496 5.803e-05
2922.496 5.796e-05
2927.496 5.79e-05
2932.496 5.784e-05
2937.496 5.778e-05
2942.496 5.768e-05
2947.496 5.76e-05
2952.496 5.771e-05
2957.496 5.775e-05
2962.496 5.709e-05
2967.496 5.671e-05
2972.496 5.891e-05
2977.496 6.01e-05
2982.496 5.16e-05
2987.496 4.693e-05
2992.496 7.927e-05
2997.496 0.00011963
3002.496 9.116e-05
3007.496 0.00026733
3012.496 0.00135202
3017.496 0.00584347
3022.496 0.0179048
3027.496 0.0391676
3032.496 0.0686181
3037.496 0.10436
3042.496 0.143649
3047.496 0.181903
3052.496 0.212836
3057.496 0.232405
3062.496 0.239299
3067.496 0.241648
3072.496 0.256281
3077.496 0.285698
3082.496 0.317776
3087.496 0.342372
3092.496 0.352358
3097.496 0.350209
3102.496 0.347595
3107.496 0.350113
3112.496 0.356881
3117.496 0.367109
3122.496 0.380248
3127.496 0.392858
3132.495 0.398823
3137.496 0.397133
3142.496 0.391915
3147.496 0.385371
3152.496 0.37761
3157.496 0.36997
3162.496 0.365064
3167.496 0.36443
3172.496 0.368443
3177.495 0.376735
3182.496 0.388285
3187.496 0.40307
3192.496 0.421798
3197.496 0.438506
3202.496 0.440951
3207.496 0.426761
3212.496 0.403791
3217.496 0.381766
3222.496 0.371543
3227.496 0.377039
3232.496 0.395016
3237.496 0.418085
3242.496 0.435368
3247.496 0.443929
3252.496 0.448874
3257.496 0.454002
3262.496 0.461327
3267.496 0.469849
3272.495 0.475739
3277.496 0.477468
3282.496 0.47596
3287.496 0.47286
3292.496 0.470375
3297.496 0.469503
3302.496 0.470032
3307.496 0.472213
3312.496 0.476699
3317.496 0.481651
3322.495 0.48278
3327.496 0.477154
3332.495 0.463492
3337.496 0.444776
3342.496 0.42807
3347.496 0.417911
3352.496 0.415945
3357.496 0.419509
3362.496 0.42189
3367.496 0.419262
3372.496 0.411002
3377.496 0.399539
3382.496 0.390161
3387.496 0.3867
3392.496 0.391282
3397.496 0.402946
3402.496 0.417698
3407.496 0.430996
3412.496 0.438012
3417.495 0.436922
3422.496 0.428979
3427.496 0.416969
3432.496 0.405035
3437.496 0.396273
3442.496 0.3926
3447.496 0.394171
3452.496 0.3994
3457.496 0.406027
3462.496 0.411245
3467.495 0.413252
3472.496 0.411347
3477.496 0.40638
3482.496 0.400682
3487.496 0.396187
3492.496 0.394325
3497.496 0.395548
3502.496 0.399335
3507.496 0.404768
3512.496 0.410582
3517.496 0.415636
3522.495 0.418959
3527.496 0.420401
3532.496 0.420633
3537.496 0.420495
3542.496 0.42095
3547.496 0.422718
3552.496 0.426254
3557.496 0.431718
3562.495 0.438946
3567.495 0.447066
3572.496 0.454518
3577.496 0.46014
3582.496 0.463213
3587.496 0.463371
3592.496 0.460627
3597.496 0.456133
3602.496 0.452147
3607.495 0.450441
3612.495 0.452205
3617.496 0.457434
3622.496 0.464938
3627.496 0.473178
3632.496 0.480327
3637.496 0.484906
3642.496 0.485862
3647.496 0.483696
3652.496 0.480437
3657.495 0.477931
3662.496 0.477723
3667.495 0.480174
3672.496 0.484454
3677.496 0.489379
3682.496 0.493475
3687.496 0.495692
3692.496 0.495445
3697.496 0.492858
3702.496 0.488744
3707.495 0.483891
3712.495 0.479007
3717.496 0.474255
3722.496 0.469285
3727.496 0.464474
3732.496 0.460919
3737.496 0.459103
3742.496 0.458871
3747.496 0.460347
3752.495 0.463886
3757.495 0.468148
3762.495 0.470127
3767.495 0.467733
3772.495 0.459945
3777.495 0.44751
3782.496 0.43291
3787.496 0.418662
3792.496 0.407235
3797.496 0.400786
3802.495 0.401068
3807.495 0.407689
3812.495 0.418112
3817.496 0.429309
3822.496 0.437841
3827.496 0.439985
3832.496 0.431836
3837.496 0.411561
3842.495 0.379476
3847.495 0.337627
3852.495 0.289695
3857.495 0.239646
3862.495 0.191604
3867.495 0.14862
3872.496 0.112614
3877.496 0.0842036
3882.496 0.0627361
3887.496 0.0471138
3892.496 0.0358603
3897.495 0.0277644
3902.495 0.0219108
3907.495 0.0176047
3912.495 0.0143657
3917.495 0.0118588
3922.495 0.00988677
3927.496 0.00829767
3932.496 0.0069806
3937.496 0.00585947
3942.495 0.00489206
3947.495 0.00405444
3952.495 0.00333977
3957.495 0.00273847
3962.495 0.00223759
3967.495 0.00182357
3972.496 0.00148269
3977.496 0.00120682
3982.496 0.0009932
3987.495 0.0008341
3992.495 0.0007165
3997.495 0.00062653
4002.495 0.00054998
4007.495 0.00048102
4012.495 0.00042216
4017.496 0.00037616
4022.496 0.00034526
4027.496 0.00032395
4032.496 0.00029966
4037.496 0.00027458
4042.495 0.00026509
4047.495 0.00026805
4052.495 0.00026087
4057.495 0.00023715
4062.496 0.00020752
4067.496 0.00018372
4072.496 0.00017706
4077.496 0.00018034
4082.495 0.00016892
4087.495 0.00014325
4092.495 0.00012869
4097.495 0.00013072
4102.495 0.00013419
4107.495 0.00013313
4112.495 0.0001316
4117.495 0.00013127
4122.495 0.00013107
4127.496 0.00013054
4132.496 0.00013001
4137.495 0.00012956
4142.495 0.00012898
4147.495 0.00012824
4152.495 0.00012748
4157.496 0.00012676
4162.496 0.00012605
4167.496 0.00012534
4172.496 0.00012462
4177.495 0.00012391
4182.495 0.00012319
4187.495 0.00012249
4192.495 0.00012178
4197.495 0.00012107
4202.496 0.00012037
4207.496 0.00011965
4212.496 0.00011894
4217.496 0.00011823
4222.496 0.00011753
4227.496 0.00011683
4232.495 0.0001161
4237.495 0.00011539
4242.495 0.0001148
4247.495 0.00011435
4252.495 0.00011392
4257.495 0.00011345
4262.496 0.00011297
4267.496 0.00011251
4272.495 0.00011205
4277.495 0.00011158
4282.495 0.00011112
4287.495 0.00011065
4292.495 0.00011019
4297.495 0.00010973
4302.495 0.00010926
4307.495 0.00010881
4312.496 0.00010836
4317.495 0.0001079
4322.495 0.00010743
4327.495 0.00010697
4332.495 0.00010656
4337.495 0.00010613
4342.495 0.00010549
4347.495 0.00010464
4352.495 0.00010378
4357.495 0.00010297
4362.495 0.00010217
4367.495 0.00010136
4372.495 0.00010055
4377.495 9.974e-05
4382.495 9.894e-05
4387.495 9.814e-05
4392.495 9.735e-05
4397.495 9.656e-05
4402.496 9.577e-05
4407.495 9.498e-05
4412.495 9.419e-05
4417.495 9.34e-05
4422.495 9.262e-05
4427.495 9.184e-05
4432.495 9.107e-05
4437.495 9.029e-05
4442.495 8.953e-05
4447.495 8.877e-05
4452.495 8.802e-05
4457.495 8.726e-05
4462.496 8.651e-05
4467.495 8.577e-05
4472.495 8.502e-05
4477.495 8.428e-05
4482.495 8.355e-05
4487.495 8.281e-05
4492.495 8.208e-05
4497.495 8.136e-05
4502.495 8.063e-05
4507.495 7.991e-05
4512.495 7.919e-05
4517.495 7.847e-05
4522.495 7.777e-05
4527.495 7.707e-05
4532.495 7.633e-05
4537.495 7.56e-05
4542.495 7.505e-05
4547.495 7.467e-05
4552.495 7.431e-05
4557.495 7.39e-05
4562.495 7.348e-05
4567.495 7.308e-05
4572.495 7.271e-05
4577.495 7.232e-05
4582.495 7.182e-05
4587.495 7.136e-05
4592.495 7.136e-05
4597.495 7.117e-05
4602.495 6.931e-05
4607.495 6.839e-05
4612.495 7.507e-05
4617.495 9.265e-05
4622.495 0.00012081
4627.495 0.00015656
4632.495 0.00019445
4637.495 0.00022986
4642.495 0.00025905
4647.495 0.00027571
4652.495 0.00027149
4657.495 0.00025034
4662.495 0.00022817
4667.495 0.00021041
4672.495 0.00019167
4677.495 0.00017269
4682.495 0.00016061
4687.495 0.00015933
4692.495 0.00016903
4697.495 0.00018502
4702.495 0.00019938
4707.495 0.00023767
4712.495 0.00035441
4717.495 0.00049721
4722.495 0.00054734
4727.495 0.00135082
4732.495 0.00469998
4737.495 0.0118971
4742.495 0.0235504
4747.495 0.0365244
4752.495 0.0441353
4757.495 0.0435126
4762.495 0.0358378
4767.495 0.0243105
4772.495 0.0138592
4777.495 0.00681176
4782.495 0.00280168
4787.495 0.0010247
4792.495 0.00037391
4797.495 0.00015325
4802.495 9.635e-05
4807.495 6.871e-05
4812.495 4.97e-05
4817.495 3.418e-05
4822.495 2.728e-05
4827.495 2.817e-05
4832.495 2.985e-05
4837.495 2.956e-05
4842.495 2.902e-05
4847.495 2.903e-05
4852.495 2.929e-05
4857.495 2.933e-05
4862.495 2.864e-05
4867.495 2.828e-05
4872.495 3.056e-05
4877.495 3.178e-05
4882.495 2.271e-05
4887.495 6.24372e-06
4892.495 0
