# Taken at http://www.eso.org/sci/facilities/paranal/decommissioned/isaac/inst/isaac_img.html
# nm Hband
1462.5 0.0
1462.6 0.0004
1462.8 0.0016
1463.1 0.0032
1463.3 0.0062
1463.5 0.0100
1463.7 0.0139
1463.9 0.0171
1464.1 0.0188
1464.3 0.0198
1464.6 0.0205
1464.8 0.0204
1465 0.0192
1465.2 0.0167
1465.4 0.0139
1465.6 0.0124
1465.8 0.0131
1466.1 0.0151
1466.3 0.0170
1466.5 0.0176
1466.7 0.0165
1466.9 0.0144
1467.1 0.0122
1467.4 0.0100
1467.6 0.0085
1467.8 0.0083
1468 0.0094
1468.2 0.0119
1468.4 0.0140
1468.6 0.0143
1468.9 0.0124
1469.1 0.0095
1469.3 0.0072
1469.5 0.0073
1469.7 0.0092
1469.9 0.0118
1470.2 0.0142
1470.4 0.0160
1470.6 0.0174
1470.8 0.0187
1471 0.0191
1471.2 0.0180
1471.5 0.0154
1471.7 0.0122
1471.9 0.0098
1472.1 0.0092
1472.3 0.0101
1472.5 0.0121
1472.8 0.0144
1473 0.0165
1473.2 0.0180
1473.4 0.0191
1473.6 0.0201
1473.8 0.0215
1474.1 0.0235
1474.3 0.0260
1474.5 0.0282
1474.7 0.0293
1474.9 0.0287
1475.1 0.0267
1475.4 0.0244
1475.6 0.0224
1475.8 0.0215
1476 0.0218
1476.2 0.0230
1476.5 0.0251
1476.7 0.0273
1476.9 0.0291
1477.1 0.0299
1477.3 0.0295
1477.5 0.0284
1477.8 0.0273
1478 0.0267
1478.2 0.0270
1478.4 0.0282
1478.6 0.0304
1478.9 0.0330
1479.1 0.0356
1479.3 0.0374
1479.5 0.0380
1479.7 0.0377
1479.9 0.0376
1480.2 0.0384
1480.4 0.0401
1480.6 0.0420
1480.8 0.0431
1481 0.0434
1481.3 0.0433
1481.5 0.0432
1481.7 0.0434
1481.9 0.0442
1482.1 0.0453
1482.4 0.0474
1482.6 0.0502
1482.8 0.0533
1483 0.0559
1483.2 0.0575
1483.5 0.0582
1483.7 0.0590
1483.9 0.0601
1484.1 0.0611
1484.3 0.0618
1484.6 0.0623
1484.8 0.0634
1485 0.0665
1485.2 0.0714
1485.4 0.0763
1485.7 0.0793
1485.9 0.0790
1486.1 0.0761
1486.3 0.0731
1486.5 0.0714
1486.8 0.0722
1487 0.0751
1487.2 0.0790
1487.4 0.0836
1487.7 0.0884
1487.9 0.0928
1488.1 0.0961
1488.3 0.0980
1488.5 0.0984
1488.8 0.0981
1489 0.0975
1489.2 0.0969
1489.4 0.0966
1489.6 0.0970
1489.9 0.0986
1490.1 0.1019
1490.3 0.1068
1490.5 0.1126
1490.8 0.1186
1491 0.1243
1491.2 0.1288
1491.4 0.1321
1491.6 0.1340
1491.9 0.1349
1492.1 0.1362
1492.3 0.1388
1492.5 0.1431
1492.8 0.1485
1493 0.1540
1493.2 0.1584
1493.4 0.1620
1493.7 0.1653
1493.9 0.1685
1494.1 0.1716
1494.3 0.1742
1494.5 0.1761
1494.8 0.1779
1495 0.1800
1495.2 0.1829
1495.4 0.1867
1495.7 0.1908
1495.9 0.1950
1496.1 0.1991
1496.3 0.2033
1496.6 0.2077
1496.8 0.2125
1497 0.2176
1497.2 0.2230
1497.5 0.2288
1497.7 0.2350
1497.9 0.2415
1498.1 0.2479
1498.4 0.2539
1498.6 0.2591
1498.8 0.2634
1499 0.2674
1499.3 0.2721
1499.5 0.2779
1499.7 0.2848
1499.9 0.2918
1500.2 0.2980
1500.4 0.3029
1500.6 0.3068
1500.8 0.3103
1501.1 0.3139
1501.3 0.3182
1501.5 0.3234
1501.7 0.3297
1502 0.3368
1502.2 0.3440
1502.4 0.3503
1502.6 0.3553
1502.9 0.3594
1503.1 0.3636
1503.3 0.3688
1503.5 0.3751
1503.8 0.3823
1504 0.3898
1504.2 0.3971
1504.4 0.4041
1504.7 0.4100
1504.9 0.4149
1505.1 0.4194
1505.3 0.4245
1505.6 0.4309
1505.8 0.4388
1506 0.4464
1506.3 0.4525
1506.5 0.4572
1506.7 0.4616
1506.9 0.4672
1507.2 0.4748
1507.4 0.4830
1507.6 0.4907
1507.8 0.4970
1508.1 0.5022
1508.3 0.5074
1508.5 0.5128
1508.8 0.5177
1509 0.5221
1509.2 0.5260
1509.4 0.5300
1509.7 0.5351
1509.9 0.5410
1510.1 0.5468
1510.3 0.5519
1510.6 0.5558
1510.8 0.5594
1511 0.5635
1511.3 0.5687
1511.5 0.5749
1511.7 0.5815
1511.9 0.5874
1512.2 0.5924
1512.4 0.5966
1512.6 0.6004
1512.9 0.6041
1513.1 0.6077
1513.3 0.6113
1513.5 0.6151
1513.8 0.6194
1514 0.6244
1514.2 0.6297
1514.5 0.6344
1514.7 0.6378
1514.9 0.6397
1515.2 0.6407
1515.4 0.6419
1515.6 0.6439
1515.8 0.6468
1516.1 0.6505
1516.3 0.6548
1516.5 0.6596
1516.8 0.6646
1517 0.6696
1517.2 0.6741
1517.5 0.6779
1517.7 0.6812
1517.9 0.6839
1518.1 0.6863
1518.4 0.6885
1518.6 0.6905
1518.8 0.6930
1519.1 0.6960
1519.3 0.6994
1519.5 0.7026
1519.8 0.7051
1520 0.7067
1520.2 0.7081
1520.5 0.7097
1520.7 0.7116
1520.9 0.7137
1521.1 0.7158
1521.4 0.7178
1521.6 0.7197
1521.8 0.7214
1522.1 0.7226
1522.3 0.7235
1522.5 0.7243
1522.8 0.7253
1523 0.7267
1523.2 0.7283
1523.5 0.7300
1523.7 0.7317
1523.9 0.7333
1524.2 0.7345
1524.4 0.7352
1524.6 0.7357
1524.9 0.7363
1525.1 0.7379
1525.3 0.7407
1525.6 0.7442
1525.8 0.7474
1526 0.7496
1526.3 0.7507
1526.5 0.7513
1526.7 0.7521
1527 0.7534
1527.2 0.7551
1527.4 0.7569
1527.7 0.7581
1527.9 0.7585
1528.1 0.7576
1528.4 0.7555
1528.6 0.7532
1528.8 0.7519
1529.1 0.7520
1529.3 0.7532
1529.5 0.7541
1529.8 0.7537
1530 0.7524
1530.2 0.7516
1530.5 0.7525
1530.7 0.7556
1530.9 0.7599
1531.2 0.7638
1531.4 0.7662
1531.6 0.7668
1531.9 0.7663
1532.1 0.7657
1532.3 0.7659
1532.6 0.7673
1532.8 0.7694
1533 0.7713
1533.3 0.7723
1533.5 0.7724
1533.7 0.7728
1534 0.7742
1534.2 0.7770
1534.4 0.7801
1534.7 0.7821
1534.9 0.7829
1535.2 0.7831
1535.4 0.7836
1535.6 0.7848
1535.9 0.7862
1536.1 0.7869
1536.3 0.7871
1536.6 0.7874
1536.8 0.7879
1537 0.7888
1537.3 0.7892
1537.5 0.7891
1537.8 0.7894
1538 0.7906
1538.2 0.7924
1538.5 0.7942
1538.7 0.7951
1538.9 0.7952
1539.2 0.7959
1539.4 0.7975
1539.6 0.7997
1539.9 0.8013
1540.1 0.8013
1540.4 0.7994
1540.6 0.7969
1540.8 0.7947
1541.1 0.7935
1541.3 0.7938
1541.5 0.7954
1541.8 0.7979
1542 0.8007
1542.3 0.8027
1542.5 0.8034
1542.7 0.8032
1543 0.8029
1543.2 0.8031
1543.4 0.8037
1543.7 0.8041
1543.9 0.8038
1544.2 0.8037
1544.4 0.8045
1544.6 0.8066
1544.9 0.8095
1545.1 0.8116
1545.4 0.8124
1545.6 0.8120
1545.8 0.8114
1546.1 0.8117
1546.3 0.8133
1546.6 0.8158
1546.8 0.8186
1547 0.8207
1547.3 0.8214
1547.5 0.8206
1547.7 0.8189
1548 0.8174
1548.2 0.8168
1548.5 0.8173
1548.7 0.8182
1548.9 0.8186
1549.2 0.8183
1549.4 0.8175
1549.7 0.8166
1549.9 0.8159
1550.1 0.8155
1550.4 0.8154
1550.6 0.8160
1550.9 0.8171
1551.1 0.8185
1551.3 0.8199
1551.6 0.8212
1551.8 0.8223
1552.1 0.8232
1552.3 0.8233
1552.6 0.8219
1552.8 0.8191
1553 0.8162
1553.3 0.8146
1553.5 0.8152
1553.8 0.8174
1554 0.8196
1554.2 0.8214
1554.5 0.8225
1554.7 0.8234
1555 0.8245
1555.2 0.8256
1555.5 0.8260
1555.7 0.8265
1555.9 0.8274
1556.2 0.8288
1556.4 0.8305
1556.7 0.8315
1556.9 0.8311
1557.1 0.8302
1557.4 0.8293
1557.6 0.8285
1557.9 0.8276
1558.1 0.8260
1558.4 0.8240
1558.6 0.8230
1558.8 0.8233
1559.1 0.8245
1559.3 0.8261
1559.6 0.8273
1559.8 0.8283
1560.1 0.8299
1560.3 0.8318
1560.5 0.8334
1560.8 0.8341
1561 0.8337
1561.3 0.8326
1561.5 0.8315
1561.8 0.8306
1562 0.8293
1562.3 0.8277
1562.5 0.8258
1562.7 0.8238
1563 0.8223
1563.2 0.8212
1563.5 0.8205
1563.7 0.8204
1564 0.8208
1564.2 0.8215
1564.5 0.8224
1564.7 0.8236
1564.9 0.8250
1565.2 0.8266
1565.4 0.8280
1565.7 0.8283
1565.9 0.8276
1566.2 0.8263
1566.4 0.8251
1566.7 0.8246
1566.9 0.8246
1567.2 0.8246
1567.4 0.8243
1567.6 0.8241
1567.9 0.8243
1568.1 0.8250
1568.4 0.8264
1568.6 0.8278
1568.9 0.8294
1569.1 0.8310
1569.4 0.8318
1569.6 0.8311
1569.9 0.8290
1570.1 0.8260
1570.4 0.8238
1570.6 0.8231
1570.8 0.8236
1571.1 0.8249
1571.3 0.8266
1571.6 0.8286
1571.8 0.8309
1572.1 0.8327
1572.3 0.8326
1572.6 0.8310
1572.8 0.8289
1573.1 0.8279
1573.3 0.8286
1573.6 0.8301
1573.8 0.8303
1574.1 0.8291
1574.3 0.8272
1574.6 0.8255
1574.8 0.8245
1575.1 0.8236
1575.3 0.8219
1575.5 0.8205
1575.8 0.8204
1576 0.8216
1576.3 0.8233
1576.5 0.8236
1576.8 0.8218
1577 0.8194
1577.3 0.8179
1577.5 0.8176
1577.8 0.8182
1578 0.8185
1578.3 0.8183
1578.5 0.8186
1578.8 0.8199
1579 0.8219
1579.3 0.8238
1579.5 0.8249
1579.8 0.8253
1580 0.8256
1580.3 0.8254
1580.5 0.8241
1580.8 0.8220
1581 0.8198
1581.3 0.8183
1581.5 0.8183
1581.8 0.8188
1582 0.8185
1582.3 0.8178
1582.5 0.8175
1582.8 0.8181
1583 0.8196
1583.3 0.8203
1583.5 0.8193
1583.8 0.8178
1584 0.8170
1584.3 0.8176
1584.5 0.8194
1584.8 0.8205
1585 0.8201
1585.3 0.8189
1585.5 0.8178
1585.8 0.8174
1586 0.8177
1586.3 0.8178
1586.5 0.8177
1586.8 0.8178
1587 0.8181
1587.3 0.8183
1587.6 0.8181
1587.8 0.8175
1588.1 0.8172
1588.3 0.8179
1588.6 0.8191
1588.8 0.8201
1589.1 0.8206
1589.3 0.8203
1589.6 0.8196
1589.8 0.8191
1590.1 0.8187
1590.3 0.8182
1590.6 0.8179
1590.8 0.8177
1591.1 0.8175
1591.3 0.8173
1591.6 0.8170
1591.8 0.8169
1592.1 0.8174
1592.4 0.8184
1592.6 0.8189
1592.9 0.8186
1593.1 0.8176
1593.4 0.8167
1593.6 0.8168
1593.9 0.8177
1594.1 0.8183
1594.4 0.8183
1594.6 0.8175
1594.9 0.8166
1595.2 0.8165
1595.4 0.8169
1595.7 0.8174
1595.9 0.8178
1596.2 0.8182
1596.4 0.8185
1596.7 0.8187
1596.9 0.8185
1597.2 0.8178
1597.4 0.8173
1597.7 0.8174
1598 0.8174
1598.2 0.8173
1598.5 0.8169
1598.7 0.8171
1599 0.8191
1599.2 0.8225
1599.5 0.8258
1599.7 0.8275
1600 0.8269
1600.3 0.8246
1600.5 0.8223
1600.8 0.8205
1601 0.8189
1601.3 0.8175
1601.5 0.8166
1601.8 0.8167
1602.1 0.8183
1602.3 0.8205
1602.6 0.8225
1602.8 0.8242
1603.1 0.8259
1603.3 0.8278
1603.6 0.8298
1603.8 0.8310
1604.1 0.8309
1604.4 0.8306
1604.6 0.8304
1604.9 0.8301
1605.1 0.8291
1605.4 0.8266
1605.7 0.8232
1605.9 0.8206
1606.2 0.8198
1606.4 0.8204
1606.7 0.8216
1606.9 0.8222
1607.2 0.8226
1607.5 0.8240
1607.7 0.8265
1608 0.8291
1608.2 0.8309
1608.5 0.8309
1608.8 0.8298
1609 0.8286
1609.3 0.8274
1609.5 0.8261
1609.8 0.8252
1610 0.8246
1610.3 0.8250
1610.6 0.8264
1610.8 0.8278
1611.1 0.8285
1611.3 0.8286
1611.6 0.8284
1611.9 0.8279
1612.1 0.8270
1612.4 0.8253
1612.6 0.8231
1612.9 0.8216
1613.2 0.8212
1613.4 0.8215
1613.7 0.8220
1613.9 0.8220
1614.2 0.8221
1614.5 0.8232
1614.7 0.8252
1615 0.8272
1615.2 0.8285
1615.5 0.8286
1615.8 0.8277
1616 0.8270
1616.3 0.8263
1616.6 0.8257
1616.8 0.8258
1617.1 0.8267
1617.3 0.8283
1617.6 0.8297
1617.9 0.8297
1618.1 0.8277
1618.4 0.8252
1618.6 0.8236
1618.9 0.8237
1619.2 0.8248
1619.4 0.8252
1619.7 0.8241
1620 0.8226
1620.2 0.8218
1620.5 0.8224
1620.7 0.8239
1621 0.8250
1621.3 0.8254
1621.5 0.8254
1621.8 0.8250
1622.1 0.8247
1622.3 0.8242
1622.6 0.8235
1622.8 0.8232
1623.1 0.8236
1623.4 0.8245
1623.6 0.8253
1623.9 0.8259
1624.2 0.8263
1624.4 0.8267
1624.7 0.8271
1625 0.8270
1625.2 0.8265
1625.5 0.8263
1625.8 0.8269
1626 0.8282
1626.3 0.8295
1626.5 0.8295
1626.8 0.8281
1627.1 0.8264
1627.3 0.8256
1627.6 0.8260
1627.9 0.8274
1628.1 0.8287
1628.4 0.8291
1628.7 0.8288
1628.9 0.8276
1629.2 0.8258
1629.5 0.8242
1629.7 0.8236
1630 0.8244
1630.3 0.8263
1630.5 0.8278
1630.8 0.8275
1631.1 0.8259
1631.3 0.8243
1631.6 0.8241
1631.9 0.8259
1632.1 0.8277
1632.4 0.8281
1632.7 0.8273
1632.9 0.8258
1633.2 0.8247
1633.5 0.8245
1633.7 0.8240
1634 0.8233
1634.3 0.8235
1634.5 0.8249
1634.8 0.8273
1635.1 0.8294
1635.3 0.8294
1635.6 0.8276
1635.9 0.8260
1636.1 0.8253
1636.4 0.8261
1636.7 0.8275
1636.9 0.8281
1637.2 0.8282
1637.5 0.8284
1637.7 0.8286
1638 0.8285
1638.3 0.8276
1638.5 0.8260
1638.8 0.8246
1639.1 0.8247
1639.3 0.8254
1639.6 0.8263
1639.9 0.8267
1640.2 0.8266
1640.4 0.8275
1640.7 0.8294
1641 0.8316
1641.2 0.8327
1641.5 0.8319
1641.8 0.8296
1642 0.8272
1642.3 0.8259
1642.6 0.8260
1642.8 0.8274
1643.1 0.8292
1643.4 0.8306
1643.7 0.8314
1643.9 0.8317
1644.2 0.8319
1644.5 0.8324
1644.7 0.8332
1645 0.8340
1645.3 0.8341
1645.5 0.8334
1645.8 0.8323
1646.1 0.8316
1646.4 0.8315
1646.6 0.8319
1646.9 0.8321
1647.2 0.8315
1647.4 0.8302
1647.7 0.8286
1648 0.8273
1648.3 0.8269
1648.5 0.8275
1648.8 0.8287
1649.1 0.8301
1649.3 0.8307
1649.6 0.8307
1649.9 0.8303
1650.2 0.8302
1650.4 0.8309
1650.7 0.8319
1651 0.8324
1651.3 0.8323
1651.5 0.8318
1651.8 0.8315
1652.1 0.8316
1652.3 0.8317
1652.6 0.8311
1652.9 0.8301
1653.2 0.8290
1653.4 0.8286
1653.7 0.8289
1654 0.8290
1654.3 0.8280
1654.5 0.8262
1654.8 0.8243
1655.1 0.8233
1655.4 0.8235
1655.6 0.8243
1655.9 0.8252
1656.2 0.8259
1656.5 0.8261
1656.7 0.8256
1657 0.8245
1657.3 0.8229
1657.6 0.8214
1657.8 0.8204
1658.1 0.8203
1658.4 0.8205
1658.6 0.8212
1658.9 0.8221
1659.2 0.8232
1659.5 0.8240
1659.8 0.8235
1660 0.8212
1660.3 0.8178
1660.6 0.8149
1660.9 0.8135
1661.1 0.8142
1661.4 0.8157
1661.7 0.8170
1662 0.8179
1662.2 0.8184
1662.5 0.8187
1662.8 0.8184
1663.1 0.8169
1663.3 0.8142
1663.6 0.8117
1663.9 0.8101
1664.2 0.8099
1664.4 0.8103
1664.7 0.8100
1665 0.8087
1665.3 0.8070
1665.6 0.8056
1665.8 0.8052
1666.1 0.8058
1666.4 0.8069
1666.7 0.8080
1666.9 0.8088
1667.2 0.8087
1667.5 0.8078
1667.8 0.8068
1668.1 0.8063
1668.3 0.8064
1668.6 0.8068
1668.9 0.8065
1669.2 0.8051
1669.4 0.8038
1669.7 0.8036
1670 0.8049
1670.3 0.8072
1670.6 0.8088
1670.8 0.8091
1671.1 0.8089
1671.4 0.8087
1671.7 0.8091
1672 0.8098
1672.2 0.8100
1672.5 0.8096
1672.8 0.8090
1673.1 0.8081
1673.4 0.8067
1673.6 0.8049
1673.9 0.8030
1674.2 0.8020
1674.5 0.8025
1674.8 0.8039
1675 0.8049
1675.3 0.8048
1675.6 0.8035
1675.9 0.8019
1676.2 0.8008
1676.4 0.8001
1676.7 0.7994
1677 0.7989
1677.3 0.7989
1677.6 0.8000
1677.9 0.8024
1678.1 0.8053
1678.4 0.8081
1678.7 0.8102
1679 0.8116
1679.3 0.8122
1679.5 0.8122
1679.8 0.8116
1680.1 0.8105
1680.4 0.8096
1680.7 0.8089
1681 0.8084
1681.2 0.8083
1681.5 0.8088
1681.8 0.8103
1682.1 0.8127
1682.4 0.8149
1682.7 0.8158
1682.9 0.8152
1683.2 0.8134
1683.5 0.8117
1683.8 0.8111
1684.1 0.8115
1684.4 0.8124
1684.6 0.8138
1684.9 0.8154
1685.2 0.8171
1685.5 0.8185
1685.8 0.8194
1686.1 0.8200
1686.3 0.8213
1686.6 0.8231
1686.9 0.8248
1687.2 0.8253
1687.5 0.8236
1687.8 0.8203
1688 0.8170
1688.3 0.8146
1688.6 0.8132
1688.9 0.8126
1689.2 0.8121
1689.5 0.8121
1689.8 0.8131
1690 0.8148
1690.3 0.8167
1690.6 0.8178
1690.9 0.8176
1691.2 0.8164
1691.5 0.8147
1691.8 0.8129
1692 0.8113
1692.3 0.8104
1692.6 0.8106
1692.9 0.8120
1693.2 0.8142
1693.5 0.8162
1693.8 0.8174
1694.1 0.8179
1694.3 0.8180
1694.6 0.8180
1694.9 0.8183
1695.2 0.8192
1695.5 0.8205
1695.8 0.8223
1696.1 0.8235
1696.4 0.8230
1696.6 0.8210
1696.9 0.8181
1697.2 0.8159
1697.5 0.8155
1697.8 0.8164
1698.1 0.8174
1698.4 0.8179
1698.7 0.8178
1698.9 0.8176
1699.2 0.8177
1699.5 0.8171
1699.8 0.8154
1700.1 0.8133
1700.4 0.8118
1700.7 0.8117
1701 0.8131
1701.3 0.8146
1701.5 0.8154
1701.8 0.8155
1702.1 0.8150
1702.4 0.8141
1702.7 0.8128
1703 0.8103
1703.3 0.8075
1703.6 0.8054
1703.9 0.8045
1704.2 0.8045
1704.4 0.8044
1704.7 0.8036
1705 0.8022
1705.3 0.8014
1705.6 0.8015
1705.9 0.8026
1706.2 0.8044
1706.5 0.8064
1706.8 0.8085
1707.1 0.8104
1707.4 0.8114
1707.7 0.8110
1707.9 0.8097
1708.2 0.8085
1708.5 0.8082
1708.8 0.8090
1709.1 0.8098
1709.4 0.8099
1709.7 0.8094
1710 0.8083
1710.3 0.8069
1710.6 0.8055
1710.9 0.8044
1711.2 0.8041
1711.4 0.8052
1711.7 0.8071
1712 0.8087
1712.3 0.8092
1712.6 0.8082
1712.9 0.8066
1713.2 0.8055
1713.5 0.8047
1713.8 0.8034
1714.1 0.8017
1714.4 0.8000
1714.7 0.7997
1715 0.8012
1715.3 0.8030
1715.6 0.8038
1715.9 0.8030
1716.1 0.8010
1716.4 0.7996
1716.7 0.7999
1717 0.8011
1717.3 0.8026
1717.6 0.8037
1717.9 0.8042
1718.2 0.8044
1718.5 0.8045
1718.8 0.8042
1719.1 0.8040
1719.4 0.8044
1719.7 0.8054
1720 0.8063
1720.3 0.8066
1720.6 0.8057
1720.9 0.8047
1721.2 0.8047
1721.5 0.8051
1721.8 0.8054
1722.1 0.8045
1722.4 0.8023
1722.7 0.7998
1722.9 0.7983
1723.2 0.7975
1723.5 0.7971
1723.8 0.7967
1724.1 0.7964
1724.4 0.7968
1724.7 0.7979
1725 0.7985
1725.3 0.7984
1725.6 0.7981
1725.9 0.7981
1726.2 0.7993
1726.5 0.8008
1726.8 0.8011
1727.1 0.7998
1727.4 0.7975
1727.7 0.7950
1728 0.7936
1728.3 0.7933
1728.6 0.7937
1728.9 0.7953
1729.2 0.7980
1729.5 0.8006
1729.8 0.8020
1730.1 0.8012
1730.4 0.7981
1730.7 0.7949
1731 0.7933
1731.3 0.7934
1731.6 0.7944
1731.9 0.7951
1732.2 0.7947
1732.5 0.7942
1732.8 0.7941
1733.1 0.7939
1733.4 0.7933
1733.7 0.7923
1734 0.7914
1734.3 0.7914
1734.6 0.7920
1734.9 0.7919
1735.2 0.7904
1735.5 0.7878
1735.8 0.7847
1736.1 0.7825
1736.4 0.7810
1736.7 0.7799
1737 0.7791
1737.3 0.7787
1737.6 0.7787
1737.9 0.7789
1738.2 0.7788
1738.5 0.7777
1738.8 0.7767
1739.1 0.7762
1739.4 0.7763
1739.7 0.7767
1740 0.7765
1740.3 0.7755
1740.6 0.7745
1740.9 0.7741
1741.3 0.7741
1741.6 0.7740
1741.9 0.7730
1742.2 0.7710
1742.5 0.7689
1742.8 0.7672
1743.1 0.7661
1743.4 0.7653
1743.7 0.7647
1744 0.7645
1744.3 0.7651
1744.6 0.7664
1744.9 0.7681
1745.2 0.7694
1745.5 0.7697
1745.8 0.7687
1746.1 0.7666
1746.4 0.7640
1746.7 0.7616
1747 0.7598
1747.3 0.7591
1747.6 0.7591
1747.9 0.7596
1748.3 0.7613
1748.6 0.7639
1748.9 0.7670
1749.2 0.7695
1749.5 0.7701
1749.8 0.7687
1750.1 0.7665
1750.4 0.7645
1750.7 0.7635
1751 0.7633
1751.3 0.7631
1751.6 0.7628
1751.9 0.7630
1752.2 0.7637
1752.5 0.7648
1752.8 0.7656
1753.2 0.7654
1753.5 0.7648
1753.8 0.7645
1754.1 0.7644
1754.4 0.7641
1754.7 0.7631
1755 0.7614
1755.3 0.7603
1755.6 0.7604
1755.9 0.7609
1756.2 0.7612
1756.5 0.7608
1756.9 0.7605
1757.2 0.7618
1757.5 0.7654
1757.8 0.7697
1758.1 0.7732
1758.4 0.7747
1758.7 0.7740
1759 0.7721
1759.3 0.7699
1759.6 0.7675
1759.9 0.7656
1760.3 0.7648
1760.6 0.7651
1760.9 0.7662
1761.2 0.7669
1761.5 0.7663
1761.8 0.7651
1762.1 0.7649
1762.4 0.7658
1762.7 0.7675
1763 0.7684
1763.4 0.7674
1763.7 0.7659
1764 0.7655
1764.3 0.7667
1764.6 0.7689
1764.9 0.7704
1765.2 0.7698
1765.5 0.7678
1765.8 0.7649
1766.2 0.7620
1766.5 0.7595
1766.8 0.7576
1767.1 0.7566
1767.4 0.7568
1767.7 0.7574
1768 0.7571
1768.3 0.7556
1768.7 0.7535
1769 0.7519
1769.3 0.7520
1769.6 0.7530
1769.9 0.7535
1770.2 0.7532
1770.5 0.7524
1770.9 0.7522
1771.2 0.7531
1771.5 0.7537
1771.8 0.7528
1772.1 0.7504
1772.4 0.7472
1772.7 0.7445
1773 0.7431
1773.4 0.7422
1773.7 0.7412
1774 0.7401
1774.3 0.7390
1774.6 0.7380
1774.9 0.7372
1775.3 0.7361
1775.6 0.7348
1775.9 0.7341
1776.2 0.7338
1776.5 0.7335
1776.8 0.7326
1777.1 0.7308
1777.5 0.7286
1777.8 0.7272
1778.1 0.7267
1778.4 0.7270
1778.7 0.7276
1779 0.7279
1779.4 0.7279
1779.7 0.7277
1780 0.7268
1780.3 0.7254
1780.6 0.7241
1780.9 0.7236
1781.3 0.7242
1781.6 0.7256
1781.9 0.7267
1782.2 0.7267
1782.5 0.7256
1782.8 0.7239
1783.2 0.7222
1783.5 0.7208
1783.8 0.7196
1784.1 0.7185
1784.4 0.7174
1784.8 0.7162
1785.1 0.7148
1785.4 0.7133
1785.7 0.7118
1786 0.7107
1786.4 0.7102
1786.7 0.7099
1787 0.7094
1787.3 0.7087
1787.6 0.7076
1787.9 0.7061
1788.3 0.7042
1788.6 0.7018
1788.9 0.6990
1789.2 0.6969
1789.5 0.6957
1789.9 0.6951
1790.2 0.6942
1790.5 0.6919
1790.8 0.6881
1791.2 0.6838
1791.5 0.6795
1791.8 0.6755
1792.1 0.6714
1792.4 0.6665
1792.8 0.6606
1793.1 0.6542
1793.4 0.6474
1793.7 0.6402
1794 0.6330
1794.4 0.6259
1794.7 0.6193
1795 0.6131
1795.3 0.6066
1795.7 0.5987
1796 0.5892
1796.3 0.5784
1796.6 0.5674
1796.9 0.5572
1797.3 0.5476
1797.6 0.5378
1797.9 0.5276
1798.2 0.5166
1798.6 0.5054
1798.9 0.4945
1799.2 0.4837
1799.5 0.4728
1799.9 0.4611
1800.2 0.4486
1800.5 0.4356
1800.8 0.4230
1801.2 0.4115
1801.5 0.4014
1801.8 0.3922
1802.1 0.3833
1802.5 0.3739
1802.8 0.3635
1803.1 0.3523
1803.4 0.3406
1803.8 0.3288
1804.1 0.3174
1804.4 0.3066
1804.7 0.2966
1805.1 0.2872
1805.4 0.2781
1805.7 0.2689
1806 0.2598
1806.4 0.2508
1806.7 0.2421
1807 0.2339
1807.3 0.2258
1807.7 0.2180
1808 0.2106
1808.3 0.2038
1808.6 0.1974
1809 0.1910
1809.3 0.1840
1809.6 0.1768
1810 0.1699
1810.3 0.1640
1810.6 0.1591
1810.9 0.1550
1811.3 0.1509
1811.6 0.1464
1811.9 0.1415
1812.3 0.1362
1812.6 0.1306
1812.9 0.1251
1813.2 0.1202
1813.6 0.1166
1813.9 0.1143
1814.2 0.1126
1814.6 0.1104
1814.9 0.1073
1815.2 0.1032
1815.5 0.0990
1815.9 0.0955
1816.2 0.0926
1816.5 0.0899
1816.9 0.0869
1817.2 0.0838
1817.5 0.0811
1817.9 0.0793
1818.2 0.0778
1818.5 0.0763
1818.8 0.0742
1819.2 0.0716
1819.5 0.0689
1819.8 0.0660
1820.2 0.0632
1820.5 0.0606
1820.8 0.0585
1821.2 0.0572
1821.5 0.0566
1821.8 0.0559
1822.2 0.0543
1822.5 0.0516
1822.8 0.0486
1823.2 0.0460
1823.5 0.0448
1823.8 0.0447
1824.2 0.0448
1824.5 0.0445
1824.8 0.0434
1825.2 0.0420
1825.5 0.0409
1825.8 0.0404
1826.2 0.0405
1826.5 0.0403
1826.8 0.0394
1827.2 0.0375
1827.5 0.0350
1827.8 0.0330
1828.2 0.0319
1828.5 0.0316
1828.8 0.0316
1829.2 0.0311
1829.5 0.0299
1829.8 0.0285
1830.2 0.0277
1830.5 0.0279
1830.8 0.0290
1831.2 0.0300
1831.5 0.0302
1831.8 0.0293
1832.2 0.0275
1832.5 0.0256
1832.8 0.0240
1833.2 0.0229
1833.5 0.0220
1833.9 0.0210
1834.2 0.0196
1834.5 0.0180
1834.9 0.0165
1835.2 0.0158
1835.5 0.0160
1835.9 0.0169
1836.2 0.0179
1836.5 0.0183
1836.9 0.0178
1837.2 0.0167
1837.6 0.0154
1837.9 0.0144
1838.2 0.0136
1838.6 0.0130
1838.9 0.0126
1839.2 0.0125
1839.6 0.0129
1839.9 0.0133
1840.3 0.0132
1840.6 0.0124
1840.9 0.0111
1841.3 0.0098
1841.6 0.0090
1842 0.0085
1842.3 0.0082
1842.6 0.0076
1843 0.0069
1843.3 0.0063
1843.7 0.0061
1844 0.0063
1844.3 0.0067
1844.7 0.0072
1845 0.0075
1845.4 0.0078
1845.7 0.0078
1846 0.0073
1846.4 0.0064
1846.7 0.0053
1847.1 0.0044
1847.4 0.0042
1847.7 0.0048
1848.1 0.0056
1848.4 0.0062
1848.8 0.0061
1849.1 0.0056
1849.5 0.0051
1849.8 0.0049
1850.1 0.0
