# Taken at http://www.eso.org/sci/facilities/paranal/decommissioned/isaac/inst/isaac_img.html
# nm Jband
1074 0.0
1074.1 0.0018
1074.2 0.0077
1074.3 0.0107
1074.5 0.0099
1074.6 0.0066
1074.7 0.0032
1074.8 0.0020
1074.9 0.0038
1075 0.0073
1075.2 0.0100
1075.3 0.0103
1075.4 0.0092
1075.5 0.0086
1075.6 0.0116
1075.7 0.0173
1075.8 0.0223
1076 0.0240
1076.1 0.0211
1076.2 0.0159
1076.3 0.0124
1076.4 0.0113
1076.5 0.0115
1076.7 0.0113
1076.8 0.0089
1076.9 0.0056
1077 0.0036
1077.1 0.0031
1077.2 0.0041
1077.4 0.0061
1077.5 0.0085
1077.6 0.0112
1077.7 0.0137
1077.8 0.0148
1077.9 0.0147
1078.1 0.0145
1078.2 0.0158
1078.3 0.0195
1078.4 0.0250
1078.5 0.0303
1078.6 0.0335
1078.7 0.0339
1078.9 0.0316
1079 0.0275
1079.1 0.0226
1079.2 0.0173
1079.3 0.0133
1079.4 0.0118
1079.6 0.0117
1079.7 0.0115
1079.8 0.0109
1079.9 0.0105
1080 0.0118
1080.1 0.0156
1080.3 0.0201
1080.4 0.0231
1080.5 0.0240
1080.6 0.0232
1080.7 0.0227
1080.8 0.0236
1081 0.0246
1081.1 0.0245
1081.2 0.0237
1081.3 0.0227
1081.4 0.0230
1081.5 0.0245
1081.7 0.0252
1081.8 0.0243
1081.9 0.0226
1082 0.0209
1082.1 0.0206
1082.3 0.0222
1082.4 0.0248
1082.5 0.0278
1082.6 0.0305
1082.7 0.0317
1082.8 0.0309
1083 0.0286
1083.1 0.0259
1083.2 0.0235
1083.3 0.0218
1083.4 0.0199
1083.5 0.0175
1083.7 0.0158
1083.8 0.0161
1083.9 0.0195
1084 0.0252
1084.1 0.0300
1084.2 0.0323
1084.4 0.0338
1084.5 0.0363
1084.6 0.0411
1084.7 0.0467
1084.8 0.0492
1085 0.0479
1085.1 0.0448
1085.2 0.0425
1085.3 0.0432
1085.4 0.0459
1085.5 0.0478
1085.7 0.0490
1085.8 0.0514
1085.9 0.0552
1086 0.0601
1086.1 0.0632
1086.2 0.0620
1086.4 0.0581
1086.5 0.0539
1086.6 0.0513
1086.7 0.0511
1086.8 0.0520
1087 0.0527
1087.1 0.0543
1087.2 0.0576
1087.3 0.0623
1087.4 0.0674
1087.5 0.0703
1087.7 0.0704
1087.8 0.0686
1087.9 0.0667
1088 0.0658
1088.1 0.0669
1088.3 0.0699
1088.4 0.0737
1088.5 0.0769
1088.6 0.0785
1088.7 0.0786
1088.9 0.0775
1089 0.0761
1089.1 0.0749
1089.2 0.0742
1089.3 0.0745
1089.4 0.0759
1089.6 0.0790
1089.7 0.0836
1089.8 0.0868
1089.9 0.0866
1090 0.0834
1090.2 0.0795
1090.3 0.0779
1090.4 0.0802
1090.5 0.0851
1090.6 0.0909
1090.8 0.0959
1090.9 0.1001
1091 0.1051
1091.1 0.1111
1091.2 0.1164
1091.3 0.1201
1091.5 0.1217
1091.6 0.1220
1091.7 0.1224
1091.8 0.1237
1091.9 0.1261
1092.1 0.1296
1092.2 0.1335
1092.3 0.1363
1092.4 0.1368
1092.5 0.1352
1092.7 0.1325
1092.8 0.1308
1092.9 0.1316
1093 0.1341
1093.1 0.1368
1093.3 0.1396
1093.4 0.1423
1093.5 0.1453
1093.6 0.1482
1093.7 0.1495
1093.9 0.1489
1094 0.1484
1094.1 0.1499
1094.2 0.1545
1094.3 0.1615
1094.5 0.1675
1094.6 0.1723
1094.7 0.1774
1094.8 0.1842
1094.9 0.1933
1095.1 0.2025
1095.2 0.2082
1095.3 0.2093
1095.4 0.2067
1095.5 0.2025
1095.7 0.1990
1095.8 0.1982
1095.9 0.2005
1096 0.2049
1096.1 0.2099
1096.3 0.2124
1096.4 0.2115
1096.5 0.2093
1096.6 0.2088
1096.7 0.2121
1096.9 0.2193
1097 0.2275
1097.1 0.2344
1097.2 0.2398
1097.3 0.2439
1097.5 0.2466
1097.6 0.2482
1097.7 0.2490
1097.8 0.2506
1097.9 0.2555
1098.1 0.2630
1098.2 0.2699
1098.3 0.2735
1098.4 0.2724
1098.5 0.2692
1098.7 0.2684
1098.8 0.2698
1098.9 0.2715
1099 0.2731
1099.1 0.2750
1099.3 0.2802
1099.4 0.2904
1099.5 0.3016
1099.6 0.3096
1099.7 0.3137
1099.9 0.3151
1100 0.3179
1100.1 0.3237
1100.2 0.3278
1100.4 0.3277
1100.5 0.3247
1100.6 0.3216
1100.7 0.3217
1100.8 0.3254
1101 0.3290
1101.1 0.3314
1101.2 0.3342
1101.3 0.3390
1101.4 0.3470
1101.6 0.3567
1101.7 0.3645
1101.8 0.3697
1101.9 0.3734
1102 0.3757
1102.2 0.3768
1102.3 0.3778
1102.4 0.3796
1102.5 0.3834
1102.7 0.3895
1102.8 0.3944
1102.9 0.3957
1103 0.3950
1103.1 0.3946
1103.3 0.3969
1103.4 0.4020
1103.5 0.4058
1103.6 0.4067
1103.8 0.4071
1103.9 0.4094
1104 0.4150
1104.1 0.4226
1104.2 0.4273
1104.4 0.4282
1104.5 0.4282
1104.6 0.4290
1104.7 0.4311
1104.9 0.4338
1105 0.4349
1105.1 0.4368
1105.2 0.4426
1105.3 0.4512
1105.5 0.4596
1105.6 0.4645
1105.7 0.4639
1105.8 0.4605
1106 0.4579
1106.1 0.4562
1106.2 0.4553
1106.3 0.4558
1106.4 0.4584
1106.6 0.4647
1106.7 0.4743
1106.8 0.4838
1106.9 0.4907
1107.1 0.4957
1107.2 0.4989
1107.3 0.5003
1107.4 0.4999
1107.5 0.4969
1107.7 0.4931
1107.8 0.4923
1107.9 0.4947
1108 0.4982
1108.2 0.5002
1108.3 0.4987
1108.4 0.4962
1108.5 0.4969
1108.6 0.5007
1108.8 0.5055
1108.9 0.5098
1109 0.5118
1109.1 0.5131
1109.3 0.5156
1109.4 0.5172
1109.5 0.5165
1109.6 0.5143
1109.8 0.5123
1109.9 0.5129
1110 0.5168
1110.1 0.5215
1110.2 0.5249
1110.4 0.5275
1110.5 0.5295
1110.6 0.5311
1110.7 0.5322
1110.9 0.5313
1111 0.5296
1111.1 0.5299
1111.2 0.5317
1111.4 0.5327
1111.5 0.5315
1111.6 0.5283
1111.7 0.5260
1111.9 0.5281
1112 0.5330
1112.1 0.5375
1112.2 0.5406
1112.3 0.5425
1112.5 0.5454
1112.6 0.5506
1112.7 0.5543
1112.8 0.5533
1113 0.5494
1113.1 0.5453
1113.2 0.5448
1113.3 0.5492
1113.5 0.5548
1113.6 0.5583
1113.7 0.5599
1113.8 0.5599
1114 0.5595
1114.1 0.5589
1114.2 0.5574
1114.3 0.5558
1114.5 0.5561
1114.6 0.5578
1114.7 0.5586
1114.8 0.5585
1115 0.5584
1115.1 0.5594
1115.2 0.5631
1115.3 0.5661
1115.4 0.5647
1115.6 0.5608
1115.7 0.5576
1115.8 0.5580
1115.9 0.5633
1116.1 0.5683
1116.2 0.5684
1116.3 0.5655
1116.4 0.5621
1116.6 0.5593
1116.7 0.5575
1116.8 0.5539
1116.9 0.5493
1117.1 0.5499
1117.2 0.5576
1117.3 0.5696
1117.4 0.5807
1117.6 0.5845
1117.7 0.5821
1117.8 0.5810
1117.9 0.5830
1118.1 0.5849
1118.2 0.5836
1118.3 0.5762
1118.4 0.5669
1118.6 0.5629
1118.7 0.5641
1118.8 0.5675
1118.9 0.5705
1119.1 0.5715
1119.2 0.5733
1119.3 0.5788
1119.4 0.5843
1119.6 0.5870
1119.7 0.5874
1119.8 0.5871
1119.9 0.5889
1120.1 0.5929
1120.2 0.5942
1120.3 0.5906
1120.4 0.5852
1120.6 0.5806
1120.7 0.5785
1120.8 0.5786
1121 0.5785
1121.1 0.5787
1121.2 0.5826
1121.3 0.5893
1121.5 0.5956
1121.6 0.5983
1121.7 0.5953
1121.8 0.5902
1122 0.5890
1122.1 0.5913
1122.2 0.5942
1122.3 0.5956
1122.5 0.5939
1122.6 0.5916
1122.7 0.5911
1122.8 0.5901
1123 0.5868
1123.1 0.5830
1123.2 0.5803
1123.3 0.5807
1123.5 0.5841
1123.6 0.5865
1123.7 0.5862
1123.8 0.5858
1124 0.5861
1124.1 0.5859
1124.2 0.5839
1124.4 0.5781
1124.5 0.5712
1124.6 0.5687
1124.7 0.5707
1124.9 0.5738
1125 0.5754
1125.1 0.5741
1125.2 0.5737
1125.4 0.5791
1125.5 0.5874
1125.6 0.5933
1125.7 0.5940
1125.9 0.5895
1126 0.5853
1126.1 0.5867
1126.3 0.5911
1126.4 0.5949
1126.5 0.5975
1126.6 0.5986
1126.8 0.6003
1126.9 0.6025
1127 0.6009
1127.1 0.5945
1127.3 0.5871
1127.4 0.5819
1127.5 0.5807
1127.6 0.5826
1127.8 0.5838
1127.9 0.5839
1128 0.5860
1128.2 0.5901
1128.3 0.5948
1128.4 0.5979
1128.5 0.5974
1128.7 0.5959
1128.8 0.5974
1128.9 0.6003
1129.1 0.6015
1129.2 0.5996
1129.3 0.5948
1129.4 0.5910
1129.6 0.5917
1129.7 0.5938
1129.8 0.5944
1129.9 0.5933
1130.1 0.5917
1130.2 0.5922
1130.3 0.5959
1130.5 0.5993
1130.6 0.6008
1130.7 0.6024
1130.8 0.6046
1131 0.6068
1131.1 0.6075
1131.2 0.6042
1131.3 0.5986
1131.5 0.5957
1131.6 0.5965
1131.7 0.5989
1131.9 0.6003
1132 0.5985
1132.1 0.5962
1132.2 0.5981
1132.4 0.6031
1132.5 0.6080
1132.6 0.6107
1132.8 0.6098
1132.9 0.6081
1133 0.6084
1133.1 0.6086
1133.3 0.6064
1133.4 0.6030
1133.5 0.5998
1133.7 0.5987
1133.8 0.6003
1133.9 0.6022
1134 0.6036
1134.2 0.6072
1134.3 0.6135
1134.4 0.6205
1134.6 0.6251
1134.7 0.6232
1134.8 0.6168
1134.9 0.6122
1135.1 0.6108
1135.2 0.6101
1135.3 0.6082
1135.5 0.6035
1135.6 0.5995
1135.7 0.6010
1135.8 0.6061
1136 0.6106
1136.1 0.6123
1136.2 0.6103
1136.4 0.6087
1136.5 0.6112
1136.6 0.6144
1136.8 0.6149
1136.9 0.6128
1137 0.6089
1137.1 0.6062
1137.3 0.6059
1137.4 0.6045
1137.5 0.6017
1137.7 0.6009
1137.8 0.6041
1137.9 0.6114
1138 0.6199
1138.2 0.6245
1138.3 0.6245
1138.4 0.6238
1138.6 0.6231
1138.7 0.6214
1138.8 0.6183
1139 0.6134
1139.1 0.6108
1139.2 0.6148
1139.3 0.6221
1139.5 0.6268
1139.6 0.6271
1139.7 0.6232
1139.9 0.6197
1140 0.6206
1140.1 0.6215
1140.3 0.6186
1140.4 0.6131
1140.5 0.6076
1140.6 0.6070
1140.8 0.6127
1140.9 0.6192
1141 0.6229
1141.2 0.6252
1141.3 0.6270
1141.4 0.6294
1141.6 0.6312
1141.7 0.6282
1141.8 0.6217
1141.9 0.6171
1142.1 0.6161
1142.2 0.6179
1142.3 0.6197
1142.5 0.6183
1142.6 0.6158
1142.7 0.6169
1142.9 0.6198
1143 0.6216
1143.1 0.6208
1143.2 0.6174
1143.4 0.6163
1143.5 0.6211
1143.6 0.6265
1143.8 0.6277
1143.9 0.6245
1144 0.6191
1144.2 0.6176
1144.3 0.6220
1144.4 0.6267
1144.6 0.6278
1144.7 0.6257
1144.8 0.6225
1145 0.6221
1145.1 0.6246
1145.2 0.6253
1145.3 0.6234
1145.5 0.6217
1145.6 0.6211
1145.7 0.6219
1145.9 0.6225
1146 0.6201
1146.1 0.6174
1146.3 0.6185
1146.4 0.6223
1146.5 0.6259
1146.7 0.6265
1146.8 0.6227
1146.9 0.6186
1147.1 0.6186
1147.2 0.6208
1147.3 0.6229
1147.4 0.6233
1147.6 0.6216
1147.7 0.6212
1147.8 0.6233
1148 0.6249
1148.1 0.6243
1148.2 0.6227
1148.4 0.6211
1148.5 0.6212
1148.6 0.6221
1148.8 0.6204
1148.9 0.6168
1149 0.6148
1149.2 0.6158
1149.3 0.6192
1149.4 0.6228
1149.6 0.6237
1149.7 0.6240
1149.8 0.6273
1150 0.6321
1150.1 0.6356
1150.2 0.6356
1150.4 0.6314
1150.5 0.6270
1150.6 0.6263
1150.7 0.6271
1150.9 0.6267
1151 0.6251
1151.1 0.6232
1151.3 0.6245
1151.4 0.6297
1151.5 0.6339
1151.7 0.6346
1151.8 0.6327
1151.9 0.6305
1152.1 0.6310
1152.2 0.6337
1152.3 0.6348
1152.5 0.6335
1152.6 0.6325
1152.7 0.6322
1152.9 0.6323
1153 0.6316
1153.1 0.6283
1153.3 0.6254
1153.4 0.6269
1153.5 0.6316
1153.7 0.6365
1153.8 0.6388
1153.9 0.6374
1154.1 0.6360
1154.2 0.6380
1154.3 0.6410
1154.5 0.6425
1154.6 0.6420
1154.7 0.6405
1154.9 0.6413
1155 0.6454
1155.1 0.6481
1155.3 0.6469
1155.4 0.6440
1155.5 0.6411
1155.7 0.6398
1155.8 0.6389
1155.9 0.6340
1156.1 0.6266
1156.2 0.6225
1156.3 0.6238
1156.5 0.6299
1156.6 0.6361
1156.7 0.6366
1156.9 0.6337
1157 0.6332
1157.1 0.6366
1157.3 0.6433
1157.4 0.6493
1157.5 0.6505
1157.7 0.6497
1157.8 0.6500
1157.9 0.6499
1158.1 0.6480
1158.2 0.6446
1158.3 0.6406
1158.5 0.6402
1158.6 0.6441
1158.7 0.6474
1158.9 0.6474
1159 0.6449
1159.2 0.6425
1159.3 0.6439
1159.4 0.6485
1159.6 0.6511
1159.7 0.6508
1159.8 0.6499
1160 0.6498
1160.1 0.6512
1160.2 0.6515
1160.4 0.6469
1160.5 0.6407
1160.6 0.6380
1160.8 0.6397
1160.9 0.6443
1161 0.6476
1161.2 0.6462
1161.3 0.6434
1161.4 0.6435
1161.6 0.6459
1161.7 0.6493
1161.8 0.6516
1162 0.6519
1162.1 0.6536
1162.3 0.6576
1162.4 0.6597
1162.5 0.6578
1162.7 0.6527
1162.8 0.6471
1162.9 0.6455
1163.1 0.6479
1163.2 0.6496
1163.3 0.6495
1163.5 0.6492
1163.6 0.6502
1163.7 0.6540
1163.9 0.6581
1164 0.6584
1164.1 0.6559
1164.3 0.6538
1164.4 0.6531
1164.6 0.6536
1164.7 0.6532
1164.8 0.6499
1165 0.6464
1165.1 0.6461
1165.2 0.6478
1165.4 0.6501
1165.5 0.6525
1165.6 0.6551
1165.8 0.6607
1165.9 0.6691
1166 0.6751
1166.2 0.6755
1166.3 0.6711
1166.5 0.6649
1166.6 0.6623
1166.7 0.6634
1166.9 0.6635
1167 0.6607
1167.1 0.6562
1167.3 0.6523
1167.4 0.6520
1167.5 0.6541
1167.7 0.6547
1167.8 0.6542
1168 0.6544
1168.1 0.6550
1168.2 0.6557
1168.4 0.6545
1168.5 0.6504
1168.6 0.6474
1168.8 0.6490
1168.9 0.6543
1169 0.6606
1169.2 0.6646
1169.3 0.6645
1169.5 0.6634
1169.6 0.6629
1169.7 0.6616
1169.9 0.6592
1170 0.6569
1170.1 0.6564
1170.3 0.6598
1170.4 0.6652
1170.5 0.6673
1170.7 0.6649
1170.8 0.6603
1171 0.6566
1171.1 0.6566
1171.2 0.6587
1171.4 0.6590
1171.5 0.6583
1171.6 0.6593
1171.8 0.6621
1171.9 0.6660
1172.1 0.6686
1172.2 0.6678
1172.3 0.6669
1172.5 0.6687
1172.6 0.6715
1172.7 0.6729
1172.9 0.6707
1173 0.6648
1173.2 0.6607
1173.3 0.6614
1173.4 0.6647
1173.6 0.6679
1173.7 0.6690
1173.8 0.6682
1174 0.6688
1174.1 0.6711
1174.3 0.6715
1174.4 0.6698
1174.5 0.6680
1174.7 0.6685
1174.8 0.6731
1175 0.6783
1175.1 0.6786
1175.2 0.6739
1175.4 0.6672
1175.5 0.6616
1175.6 0.6594
1175.8 0.6592
1175.9 0.6587
1176.1 0.6598
1176.2 0.6637
1176.3 0.6692
1176.5 0.6740
1176.6 0.6751
1176.7 0.6718
1176.9 0.6680
1177 0.6665
1177.2 0.6665
1177.3 0.6668
1177.4 0.6666
1177.6 0.6659
1177.7 0.6671
1177.9 0.6694
1178 0.6693
1178.1 0.6664
1178.3 0.6624
1178.4 0.6599
1178.6 0.6616
1178.7 0.6665
1178.8 0.6708
1179 0.6743
1179.1 0.6779
1179.2 0.6809
1179.4 0.6824
1179.5 0.6801
1179.7 0.6726
1179.8 0.6645
1179.9 0.6603
1180.1 0.6604
1180.2 0.6634
1180.4 0.6663
1180.5 0.6668
1180.6 0.6671
1180.8 0.6684
1180.9 0.6684
1181.1 0.6663
1181.2 0.6628
1181.3 0.6598
1181.5 0.6610
1181.6 0.6657
1181.8 0.6696
1181.9 0.6706
1182 0.6695
1182.2 0.6684
1182.3 0.6704
1182.5 0.6740
1182.6 0.6755
1182.7 0.6747
1182.9 0.6730
1183 0.6716
1183.2 0.6717
1183.3 0.6721
1183.4 0.6712
1183.6 0.6714
1183.7 0.6740
1183.9 0.6769
1184 0.6781
1184.1 0.6754
1184.3 0.6694
1184.4 0.6652
1184.6 0.6655
1184.7 0.6675
1184.8 0.6686
1185 0.6670
1185.1 0.6635
1185.3 0.6621
1185.4 0.6634
1185.5 0.6644
1185.7 0.6641
1185.8 0.6632
1186 0.6634
1186.1 0.6676
1186.2 0.6732
1186.4 0.6760
1186.5 0.6760
1186.7 0.6755
1186.8 0.6765
1186.9 0.6800
1187.1 0.6831
1187.2 0.6824
1187.4 0.6798
1187.5 0.6778
1187.6 0.6768
1187.8 0.6768
1187.9 0.6760
1188.1 0.6740
1188.2 0.6745
1188.4 0.6786
1188.5 0.6830
1188.6 0.6847
1188.8 0.6823
1188.9 0.6773
1189.1 0.6753
1189.2 0.6771
1189.3 0.6792
1189.5 0.6792
1189.6 0.6767
1189.8 0.6733
1189.9 0.6727
1190.1 0.6736
1190.2 0.6726
1190.3 0.6701
1190.5 0.6682
1190.6 0.6691
1190.8 0.6739
1190.9 0.6787
1191 0.6794
1191.2 0.6775
1191.3 0.6754
1191.5 0.6748
1191.6 0.6763
1191.8 0.6773
1191.9 0.6764
1192 0.6763
1192.2 0.6786
1192.3 0.6819
1192.5 0.6845
1192.6 0.6841
1192.7 0.6814
1192.9 0.6801
1193 0.6809
1193.2 0.6812
1193.3 0.6798
1193.5 0.6768
1193.6 0.6743
1193.7 0.6757
1193.9 0.6794
1194 0.6817
1194.2 0.6819
1194.3 0.6807
1194.5 0.6792
1194.6 0.6786
1194.7 0.6771
1194.9 0.6732
1195 0.6699
1195.2 0.6702
1195.3 0.6740
1195.5 0.6797
1195.6 0.6833
1195.7 0.6829
1195.9 0.6821
1196 0.6835
1196.2 0.6856
1196.3 0.6869
1196.5 0.6854
1196.6 0.6822
1196.7 0.6821
1196.9 0.6854
1197 0.6881
1197.2 0.6879
1197.3 0.6839
1197.5 0.6785
1197.6 0.6767
1197.7 0.6775
1197.9 0.6770
1198 0.6752
1198.2 0.6733
1198.3 0.6739
1198.5 0.6788
1198.6 0.6839
1198.8 0.6850
1198.9 0.6833
1199 0.6815
1199.2 0.6825
1199.3 0.6872
1199.5 0.6916
1199.6 0.6929
1199.8 0.6927
1199.9 0.6928
1200 0.6935
1200.2 0.6946
1200.3 0.6941
1200.5 0.6922
1200.6 0.6925
1200.8 0.6946
1200.9 0.6955
1201.1 0.6934
1201.2 0.6873
1201.3 0.6804
1201.5 0.6778
1201.6 0.6790
1201.8 0.6806
1201.9 0.6810
1202.1 0.6797
1202.2 0.6788
1202.4 0.6807
1202.5 0.6833
1202.6 0.6839
1202.8 0.6832
1202.9 0.6823
1203.1 0.6821
1203.2 0.6828
1203.4 0.6819
1203.5 0.6788
1203.7 0.6773
1203.8 0.6793
1203.9 0.6837
1204.1 0.6880
1204.2 0.6884
1204.4 0.6849
1204.5 0.6823
1204.7 0.6824
1204.8 0.6836
1205 0.6844
1205.1 0.6828
1205.3 0.6807
1205.4 0.6821
1205.5 0.6864
1205.7 0.6906
1205.8 0.6925
1206 0.6910
1206.1 0.6881
1206.3 0.6868
1206.4 0.6860
1206.6 0.6842
1206.7 0.6830
1206.9 0.6833
1207 0.6853
1207.1 0.6880
1207.3 0.6880
1207.4 0.6844
1207.6 0.6813
1207.7 0.6815
1207.9 0.6851
1208 0.6902
1208.2 0.6926
1208.3 0.6918
1208.5 0.6919
1208.6 0.6942
1208.8 0.6971
1208.9 0.6985
1209 0.6962
1209.2 0.6922
1209.3 0.6910
1209.5 0.6927
1209.6 0.6948
1209.8 0.6959
1209.9 0.6949
1210.1 0.6938
1210.2 0.6951
1210.4 0.6968
1210.5 0.6966
1210.7 0.6950
1210.8 0.6932
1210.9 0.6927
1211.1 0.6945
1211.2 0.6952
1211.4 0.6932
1211.5 0.6905
1211.7 0.6890
1211.8 0.6893
1212 0.6909
1212.1 0.6911
1212.3 0.6899
1212.4 0.6896
1212.6 0.6908
1212.7 0.6923
1212.9 0.6931
1213 0.6925
1213.2 0.6915
1213.3 0.6926
1213.4 0.6944
1213.6 0.6939
1213.7 0.6915
1213.9 0.6888
1214 0.6885
1214.2 0.6924
1214.3 0.6969
1214.5 0.6980
1214.6 0.6968
1214.8 0.6953
1214.9 0.6958
1215.1 0.6991
1215.2 0.7013
1215.4 0.7005
1215.5 0.6999
1215.7 0.7012
1215.8 0.7043
1216 0.7070
1216.1 0.7051
1216.2 0.6991
1216.4 0.6945
1216.5 0.6937
1216.7 0.6956
1216.8 0.6979
1217 0.6971
1217.1 0.6945
1217.3 0.6943
1217.4 0.6968
1217.6 0.6997
1217.7 0.7013
1217.9 0.7000
1218 0.6979
1218.2 0.6980
1218.3 0.6990
1218.5 0.6990
1218.6 0.6987
1218.8 0.6989
1218.9 0.7004
1219.1 0.7030
1219.2 0.7030
1219.4 0.6989
1219.5 0.6945
1219.7 0.6929
1219.8 0.6952
1220 0.7003
1220.1 0.7035
1220.3 0.7036
1220.4 0.7038
1220.6 0.7056
1220.7 0.7085
1220.9 0.7108
1221 0.7096
1221.2 0.7059
1221.3 0.7036
1221.4 0.7027
1221.6 0.7015
1221.7 0.6994
1221.9 0.6967
1222 0.6956
1222.2 0.6984
1222.3 0.7020
1222.5 0.7031
1222.6 0.7016
1222.8 0.6988
1222.9 0.6978
1223.1 0.7000
1223.2 0.7018
1223.4 0.7006
1223.5 0.6980
1223.7 0.6958
1223.8 0.6957
1224 0.6975
1224.1 0.6976
1224.3 0.6954
1224.4 0.6936
1224.6 0.6936
1224.7 0.6953
1224.9 0.6976
1225 0.6983
1225.2 0.6984
1225.3 0.7004
1225.5 0.7036
1225.6 0.7055
1225.8 0.7048
1225.9 0.7012
1226.1 0.6980
1226.2 0.6984
1226.4 0.7007
1226.5 0.7022
1226.7 0.7023
1226.8 0.7014
1227 0.7011
1227.1 0.7026
1227.3 0.7034
1227.4 0.7018
1227.6 0.6999
1227.7 0.6990
1227.9 0.7002
1228 0.7027
1228.2 0.7037
1228.4 0.7030
1228.5 0.7038
1228.7 0.7066
1228.8 0.7098
1229 0.7113
1229.1 0.7087
1229.3 0.7044
1229.4 0.7030
1229.6 0.7048
1229.7 0.7075
1229.9 0.7089
1230 0.7072
1230.2 0.7051
1230.3 0.7060
1230.5 0.7077
1230.6 0.7078
1230.8 0.7057
1230.9 0.7022
1231.1 0.7008
1231.2 0.7035
1231.4 0.7073
1231.5 0.7092
1231.7 0.7088
1231.8 0.7066
1232 0.7043
1232.1 0.7031
1232.3 0.7013
1232.4 0.6994
1232.6 0.7000
1232.7 0.7034
1232.9 0.7083
1233 0.7122
1233.2 0.7123
1233.3 0.7099
1233.5 0.7087
1233.7 0.7091
1233.8 0.7098
1234 0.7092
1234.1 0.7060
1234.3 0.7026
1234.4 0.7022
1234.6 0.7036
1234.7 0.7050
1234.9 0.7055
1235 0.7049
1235.2 0.7047
1235.3 0.7059
1235.5 0.7062
1235.6 0.7046
1235.8 0.7031
1235.9 0.7029
1236.1 0.7044
1236.2 0.7066
1236.4 0.7062
1236.6 0.7032
1236.7 0.7008
1236.9 0.7009
1237 0.7032
1237.2 0.7065
1237.3 0.7078
1237.5 0.7080
1237.6 0.7098
1237.8 0.7125
1237.9 0.7143
1238.1 0.7140
1238.2 0.7111
1238.4 0.7086
1238.5 0.7095
1238.7 0.7121
1238.9 0.7136
1239 0.7135
1239.2 0.7121
1239.3 0.7117
1239.5 0.7137
1239.6 0.7154
1239.8 0.7148
1239.9 0.7135
1240.1 0.7128
1240.2 0.7139
1240.4 0.7159
1240.5 0.7154
1240.7 0.7122
1240.8 0.7096
1241 0.7095
1241.2 0.7120
1241.3 0.7151
1241.5 0.7152
1241.6 0.7127
1241.8 0.7107
1241.9 0.7101
1242.1 0.7105
1242.2 0.7111
1242.4 0.7107
1242.5 0.7110
1242.7 0.7139
1242.9 0.7173
1243 0.7188
1243.2 0.7181
1243.3 0.7163
1243.5 0.7158
1243.6 0.7179
1243.8 0.7198
1243.9 0.7191
1244.1 0.7170
1244.2 0.7148
1244.4 0.7141
1244.6 0.7148
1244.7 0.7142
1244.9 0.7123
1245 0.7124
1245.2 0.7151
1245.3 0.7198
1245.5 0.7235
1245.6 0.7225
1245.8 0.7183
1246 0.7154
1246.1 0.7153
1246.3 0.7174
1246.4 0.7195
1246.6 0.7191
1246.7 0.7178
1246.9 0.7181
1247 0.7189
1247.2 0.7185
1247.3 0.7165
1247.5 0.7132
1247.7 0.7113
1247.8 0.7124
1248 0.7142
1248.1 0.7151
1248.3 0.7154
1248.4 0.7158
1248.6 0.7178
1248.8 0.7213
1248.9 0.7231
1249.1 0.7226
1249.2 0.7221
1249.4 0.7226
1249.5 0.7246
1249.7 0.7267
1249.8 0.7266
1250 0.7249
1250.2 0.7245
1250.3 0.7255
1250.5 0.7268
1250.6 0.7268
1250.8 0.7247
1250.9 0.7226
1251.1 0.7234
1251.3 0.7256
1251.4 0.7271
1251.6 0.7272
1251.7 0.7260
1251.9 0.7261
1252 0.7289
1252.2 0.7314
1252.3 0.7317
1252.5 0.7306
1252.7 0.7296
1252.8 0.7306
1253 0.7332
1253.1 0.7341
1253.3 0.7325
1253.4 0.7308
1253.6 0.7303
1253.8 0.7321
1253.9 0.7345
1254.1 0.7343
1254.2 0.7325
1254.4 0.7319
1254.5 0.7332
1254.7 0.7356
1254.9 0.7371
1255 0.7355
1255.2 0.7326
1255.3 0.7315
1255.5 0.7319
1255.7 0.7332
1255.8 0.7347
1256 0.7358
1256.1 0.7376
1256.3 0.7408
1256.4 0.7427
1256.6 0.7420
1256.8 0.7398
1256.9 0.7375
1257.1 0.7368
1257.2 0.7375
1257.4 0.7370
1257.5 0.7349
1257.7 0.7339
1257.9 0.7353
1258 0.7389
1258.2 0.7426
1258.3 0.7427
1258.5 0.7400
1258.7 0.7375
1258.8 0.7365
1259 0.7371
1259.1 0.7382
1259.3 0.7381
1259.4 0.7386
1259.6 0.7418
1259.8 0.7459
1259.9 0.7486
1260.1 0.7488
1260.2 0.7465
1260.4 0.7442
1260.6 0.7440
1260.7 0.7440
1260.9 0.7427
1261 0.7407
1261.2 0.7389
1261.4 0.7388
1261.5 0.7403
1261.7 0.7407
1261.8 0.7396
1262 0.7389
1262.1 0.7400
1262.3 0.7430
1262.5 0.7460
1262.6 0.7459
1262.8 0.7434
1262.9 0.7416
1263.1 0.7414
1263.3 0.7422
1263.4 0.7423
1263.6 0.7398
1263.7 0.7368
1263.9 0.7362
1264.1 0.7377
1264.2 0.7400
1264.4 0.7412
1264.5 0.7401
1264.7 0.7385
1264.9 0.7378
1265 0.7370
1265.2 0.7359
1265.3 0.7350
1265.5 0.7352
1265.7 0.7376
1265.8 0.7414
1266 0.7432
1266.1 0.7423
1266.3 0.7407
1266.5 0.7401
1266.6 0.7413
1266.8 0.7429
1266.9 0.7420
1267.1 0.7392
1267.3 0.7370
1267.4 0.7364
1267.6 0.7373
1267.7 0.7384
1267.9 0.7376
1268.1 0.7368
1268.2 0.7380
1268.4 0.7407
1268.6 0.7434
1268.7 0.7448
1268.9 0.7440
1269 0.7427
1269.2 0.7422
1269.4 0.7414
1269.5 0.7396
1269.7 0.7376
1269.8 0.7363
1270 0.7368
1270.2 0.7385
1270.3 0.7386
1270.5 0.7364
1270.6 0.7342
1270.8 0.7334
1271 0.7349
1271.1 0.7373
1271.3 0.7374
1271.5 0.7358
1271.6 0.7350
1271.8 0.7361
1271.9 0.7390
1272.1 0.7416
1272.3 0.7415
1272.4 0.7397
1272.6 0.7382
1272.8 0.7376
1272.9 0.7378
1273.1 0.7381
1273.2 0.7376
1273.4 0.7376
1273.6 0.7385
1273.7 0.7395
1273.9 0.7398
1274 0.7401
1274.2 0.7406
1274.4 0.7419
1274.5 0.7433
1274.7 0.7428
1274.9 0.7406
1275 0.7387
1275.2 0.7387
1275.3 0.7405
1275.5 0.7428
1275.7 0.7432
1275.8 0.7424
1276 0.7431
1276.2 0.7456
1276.3 0.7494
1276.5 0.7520
1276.7 0.7513
1276.8 0.7485
1277 0.7459
1277.1 0.7441
1277.3 0.7429
1277.5 0.7419
1277.6 0.7407
1277.8 0.7405
1278 0.7418
1278.1 0.7427
1278.3 0.7423
1278.4 0.7411
1278.6 0.7403
1278.8 0.7412
1278.9 0.7437
1279.1 0.7452
1279.3 0.7447
1279.4 0.7431
1279.6 0.7415
1279.8 0.7412
1279.9 0.7418
1280.1 0.7421
1280.2 0.7423
1280.4 0.7438
1280.6 0.7463
1280.7 0.7486
1280.9 0.7496
1281.1 0.7481
1281.2 0.7457
1281.4 0.7446
1281.6 0.7442
1281.7 0.7437
1281.9 0.7431
1282.1 0.7425
1282.2 0.7436
1282.4 0.7468
1282.5 0.7496
1282.7 0.7502
1282.9 0.7487
1283 0.7461
1283.2 0.7448
1283.4 0.7454
1283.5 0.7461
1283.7 0.7461
1283.9 0.7463
1284 0.7470
1284.2 0.7486
1284.4 0.7503
1284.5 0.7505
1284.7 0.7498
1284.9 0.7499
1285 0.7510
1285.2 0.7526
1285.3 0.7534
1285.5 0.7523
1285.7 0.7506
1285.8 0.7501
1286 0.7508
1286.2 0.7519
1286.3 0.7531
1286.5 0.7540
1286.7 0.7554
1286.8 0.7574
1287 0.7584
1287.2 0.7576
1287.3 0.7560
1287.5 0.7544
1287.7 0.7541
1287.8 0.7549
1288 0.7547
1288.2 0.7533
1288.3 0.7523
1288.5 0.7528
1288.7 0.7548
1288.8 0.7569
1289 0.7569
1289.2 0.7555
1289.3 0.7552
1289.5 0.7563
1289.7 0.7585
1289.8 0.7602
1290 0.7599
1290.2 0.7589
1290.3 0.7591
1290.5 0.7598
1290.7 0.7603
1290.8 0.7599
1291 0.7582
1291.2 0.7571
1291.3 0.7573
1291.5 0.7576
1291.7 0.7571
1291.8 0.7560
1292 0.7552
1292.2 0.7560
1292.3 0.7581
1292.5 0.7594
1292.7 0.7591
1292.8 0.7584
1293 0.7584
1293.2 0.7598
1293.3 0.7622
1293.5 0.7639
1293.7 0.7650
1293.8 0.7664
1294 0.7677
1294.2 0.7686
1294.3 0.7683
1294.5 0.7667
1294.7 0.7655
1294.8 0.7663
1295 0.7680
1295.2 0.7690
1295.3 0.7687
1295.5 0.7672
1295.7 0.7664
1295.8 0.7674
1296 0.7687
1296.2 0.7689
1296.3 0.7683
1296.5 0.7677
1296.7 0.7684
1296.8 0.7701
1297 0.7705
1297.2 0.7689
1297.4 0.7663
1297.5 0.7643
1297.7 0.7641
1297.9 0.7648
1298 0.7646
1298.2 0.7636
1298.4 0.7629
1298.5 0.7632
1298.7 0.7644
1298.9 0.7659
1299 0.7666
1299.2 0.7671
1299.4 0.7683
1299.5 0.7695
1299.7 0.7699
1299.9 0.7695
1300.1 0.7686
1300.2 0.7685
1300.4 0.7696
1300.6 0.7702
1300.7 0.7692
1300.9 0.7674
1301.1 0.7659
1301.2 0.7663
1301.4 0.7683
1301.6 0.7699
1301.7 0.7702
1301.9 0.7704
1302.1 0.7708
1302.3 0.7721
1302.4 0.7735
1302.6 0.7732
1302.8 0.7717
1302.9 0.7706
1303.1 0.7701
1303.3 0.7698
1303.4 0.7691
1303.6 0.7675
1303.8 0.7666
1304 0.7680
1304.1 0.7704
1304.3 0.7722
1304.5 0.7728
1304.6 0.7720
1304.8 0.7716
1305 0.7727
1305.1 0.7737
1305.3 0.7733
1305.5 0.7716
1305.7 0.7694
1305.8 0.7684
1306 0.7690
1306.2 0.7694
1306.3 0.7692
1306.5 0.7691
1306.7 0.7697
1306.8 0.7712
1307 0.7728
1307.2 0.7726
1307.4 0.7712
1307.5 0.7703
1307.7 0.7706
1307.9 0.7718
1308 0.7732
1308.2 0.7735
1308.4 0.7733
1308.6 0.7737
1308.7 0.7741
1308.9 0.7737
1309.1 0.7725
1309.2 0.7708
1309.4 0.7700
1309.6 0.7709
1309.8 0.7719
1309.9 0.7719
1310.1 0.7714
1310.3 0.7712
1310.4 0.7725
1310.6 0.7749
1310.8 0.7763
1311 0.7760
1311.1 0.7747
1311.3 0.7734
1311.5 0.7729
1311.6 0.7730
1311.8 0.7724
1312 0.7715
1312.2 0.7715
1312.3 0.7723
1312.5 0.7733
1312.7 0.7738
1312.9 0.7733
1313 0.7731
1313.2 0.7745
1313.4 0.7761
1313.5 0.7767
1313.7 0.7759
1313.9 0.7741
1314.1 0.7733
1314.2 0.7745
1314.4 0.7762
1314.6 0.7772
1314.8 0.7775
1314.9 0.7773
1315.1 0.7777
1315.3 0.7785
1315.4 0.7782
1315.6 0.7766
1315.8 0.7755
1316 0.7756
1316.1 0.7771
1316.3 0.7789
1316.5 0.7789
1316.7 0.7775
1316.8 0.7766
1317 0.7767
1317.2 0.7776
1317.3 0.7782
1317.5 0.7774
1317.7 0.7762
1317.9 0.7759
1318 0.7759
1318.2 0.7754
1318.4 0.7744
1318.6 0.7731
1318.7 0.7730
1318.9 0.7747
1319.1 0.7763
1319.3 0.7765
1319.4 0.7757
1319.6 0.7745
1319.8 0.7743
1320 0.7749
1320.1 0.7745
1320.3 0.7729
1320.5 0.7716
1320.7 0.7717
1320.8 0.7737
1321 0.7763
1321.2 0.7774
1321.4 0.7774
1321.5 0.7777
1321.7 0.7787
1321.9 0.7799
1322.1 0.7805
1322.2 0.7794
1322.4 0.7782
1322.6 0.7784
1322.8 0.7795
1322.9 0.7803
1323.1 0.7800
1323.3 0.7785
1323.5 0.7776
1323.6 0.7783
1323.8 0.7792
1324 0.7793
1324.2 0.7787
1324.3 0.7782
1324.5 0.7792
1324.7 0.7815
1324.9 0.7828
1325 0.7822
1325.2 0.7805
1325.4 0.7788
1325.6 0.7783
1325.7 0.7787
1325.9 0.7782
1326.1 0.7770
1326.3 0.7763
1326.4 0.7764
1326.6 0.7771
1326.8 0.7776
1327 0.7769
1327.1 0.7761
1327.3 0.7766
1327.5 0.7779
1327.7 0.7791
1327.8 0.7796
1328 0.7789
1328.2 0.7786
1328.4 0.7794
1328.6 0.7800
1328.7 0.7793
1328.9 0.7775
1329.1 0.7755
1329.3 0.7751
1329.4 0.7766
1329.6 0.7781
1329.8 0.7786
1330 0.7783
1330.1 0.7777
1330.3 0.7780
1330.5 0.7790
1330.7 0.7794
1330.8 0.7792
1331 0.7791
1331.2 0.7791
1331.4 0.7794
1331.6 0.7794
1331.7 0.7787
1331.9 0.7778
1332.1 0.7775
1332.3 0.7774
1332.4 0.7771
1332.6 0.7766
1332.8 0.7764
1333 0.7772
1333.2 0.7792
1333.3 0.7805
1333.5 0.7802
1333.7 0.7791
1333.9 0.7782
1334 0.7786
1334.2 0.7801
1334.4 0.7806
1334.6 0.7798
1334.8 0.7790
1334.9 0.7791
1335.1 0.7803
1335.3 0.7819
1335.5 0.7820
1335.6 0.7808
1335.8 0.7801
1336 0.7802
1336.2 0.7809
1336.4 0.7813
1336.5 0.7804
1336.7 0.7794
1336.9 0.7797
1337.1 0.7809
1337.3 0.7820
1337.4 0.7823
1337.6 0.7816
1337.8 0.7812
1338 0.7822
1338.2 0.7831
1338.3 0.7832
1338.5 0.7827
1338.7 0.7821
1338.9 0.7826
1339 0.7841
1339.2 0.7845
1339.4 0.7834
1339.6 0.7819
1339.8 0.7812
1339.9 0.7823
1340.1 0.7843
1340.3 0.7848
1340.5 0.7835
1340.7 0.7817
1340.8 0.7801
1341 0.7792
1341.2 0.7787
1341.4 0.7782
1341.6 0.7785
1341.7 0.7805
1341.9 0.7833
1342.1 0.7857
1342.3 0.7864
1342.5 0.7852
1342.6 0.7838
1342.8 0.7840
1343 0.7850
1343.2 0.7860
1343.4 0.7863
1343.5 0.7857
1343.7 0.7855
1343.9 0.7859
1344.1 0.7856
1344.3 0.7848
1344.4 0.7839
1344.6 0.7836
1344.8 0.7844
1345 0.7855
1345.2 0.7853
1345.4 0.7840
1345.5 0.7831
1345.7 0.7831
1345.9 0.7842
1346.1 0.7851
1346.3 0.7844
1346.4 0.7830
1346.6 0.7821
1346.8 0.7823
1347 0.7834
1347.2 0.7847
1347.3 0.7852
1347.5 0.7857
1347.7 0.7865
1347.9 0.7873
1348.1 0.7876
1348.3 0.7875
1348.4 0.7870
1348.6 0.7869
1348.8 0.7871
1349 0.7866
1349.2 0.7854
1349.3 0.7844
1349.5 0.7841
1349.7 0.7850
1349.9 0.7862
1350.1 0.7865
1350.3 0.7859
1350.4 0.7854
1350.6 0.7854
1350.8 0.7858
1351 0.7859
1351.2 0.7851
1351.4 0.7843
1351.5 0.7845
1351.7 0.7854
1351.9 0.7864
1352.1 0.7867
1352.3 0.7862
1352.4 0.7858
1352.6 0.7861
1352.8 0.7861
1353 0.7855
1353.2 0.7847
1353.4 0.7843
1353.5 0.7854
1353.7 0.7878
1353.9 0.7898
1354.1 0.7904
1354.3 0.7903
1354.5 0.7900
1354.6 0.7900
1354.8 0.7901
1355 0.7890
1355.2 0.7874
1355.4 0.7864
1355.6 0.7865
1355.7 0.7872
1355.9 0.7878
1356.1 0.7873
1356.3 0.7865
1356.5 0.7866
1356.7 0.7873
1356.9 0.7878
1357 0.7877
1357.2 0.7869
1357.4 0.7869
1357.6 0.7882
1357.8 0.7897
1358 0.7903
1358.1 0.7896
1358.3 0.7881
1358.5 0.7872
1358.7 0.7873
1358.9 0.7873
1359.1 0.7870
1359.2 0.7869
1359.4 0.7871
1359.6 0.7880
1359.8 0.7891
1360 0.7890
1360.2 0.7879
1360.4 0.7871
1360.5 0.7868
1360.7 0.7871
1360.9 0.7869
1361.1 0.7855
1361.3 0.7842
1361.5 0.7845
1361.7 0.7864
1361.8 0.7887
1362 0.7901
1362.2 0.7895
1362.4 0.7885
1362.6 0.7882
1362.8 0.7883
1363 0.7880
1363.1 0.7872
1363.3 0.7858
1363.5 0.7850
1363.7 0.7852
1363.9 0.7853
1364.1 0.7850
1364.3 0.7845
1364.4 0.7841
1364.6 0.7842
1364.8 0.7845
1365 0.7841
1365.2 0.7833
1365.4 0.7833
1365.6 0.7842
1365.7 0.7854
1365.9 0.7861
1366.1 0.7854
1366.3 0.7841
1366.5 0.7837
1366.7 0.7840
1366.9 0.7846
1367.1 0.7849
1367.2 0.7846
1367.4 0.7849
1367.6 0.7861
1367.8 0.7872
1368 0.7873
1368.2 0.7861
1368.4 0.7843
1368.6 0.7835
1368.7 0.7842
1368.9 0.7851
1369.1 0.7855
1369.3 0.7853
1369.5 0.7849
1369.7 0.7849
1369.9 0.7850
1370.1 0.7843
1370.2 0.7831
1370.4 0.7820
1370.6 0.7815
1370.8 0.7816
1371 0.7815
1371.2 0.7805
1371.4 0.7796
1371.6 0.7796
1371.7 0.7803
1371.9 0.7811
1372.1 0.7812
1372.3 0.7802
1372.5 0.7793
1372.7 0.7791
1372.9 0.7788
1373.1 0.7782
1373.2 0.7773
1373.4 0.7767
1373.6 0.7774
1373.8 0.7793
1374 0.7810
1374.2 0.7818
1374.4 0.7820
1374.6 0.7820
1374.8 0.7822
1374.9 0.7825
1375.1 0.7818
1375.3 0.7805
1375.5 0.7798
1375.7 0.7798
1375.9 0.7802
1376.1 0.7801
1376.3 0.7787
1376.5 0.7773
1376.7 0.7776
1376.8 0.7794
1377 0.7818
1377.2 0.7835
1377.4 0.7835
1377.6 0.7830
1377.8 0.7830
1378 0.7831
1378.2 0.7828
1378.4 0.7819
1378.5 0.7807
1378.7 0.7803
1378.9 0.7808
1379.1 0.7809
1379.3 0.7801
1379.5 0.7790
1379.7 0.7781
1379.9 0.7784
1380.1 0.7793
1380.3 0.7792
1380.5 0.7777
1380.6 0.7756
1380.8 0.7739
1381 0.7734
1381.2 0.7733
1381.4 0.7725
1381.6 0.7716
1381.8 0.7712
1382 0.7710
1382.2 0.7706
1382.4 0.7691
1382.6 0.7659
1382.7 0.7624
1382.9 0.7597
1383.1 0.7574
1383.3 0.7549
1383.5 0.7517
1383.7 0.7478
1383.9 0.7445
1384.1 0.7420
1384.3 0.7392
1384.5 0.7357
1384.7 0.7313
1384.8 0.7265
1385 0.7216
1385.2 0.7162
1385.4 0.7094
1385.6 0.7017
1385.8 0.6940
1386 0.6871
1386.2 0.6810
1386.4 0.6746
1386.6 0.6665
1386.8 0.6572
1387 0.6480
1387.2 0.6392
1387.3 0.6310
1387.5 0.6224
1387.7 0.6127
1387.9 0.6025
1388.1 0.5923
1388.3 0.5823
1388.5 0.5723
1388.7 0.5617
1388.9 0.5505
1389.1 0.5396
1389.3 0.5293
1389.5 0.5193
1389.7 0.5091
1389.9 0.4983
1390 0.4869
1390.2 0.4756
1390.4 0.4644
1390.6 0.4530
1390.8 0.4413
1391 0.4289
1391.2 0.4164
1391.4 0.4042
1391.6 0.3927
1391.8 0.3821
1392 0.3721
1392.2 0.3623
1392.4 0.3523
1392.6 0.3419
1392.8 0.3313
1393 0.3205
1393.1 0.3102
1393.3 0.3006
1393.5 0.2918
1393.7 0.2833
1393.9 0.2748
1394.1 0.2662
1394.3 0.2574
1394.5 0.2486
1394.7 0.2400
1394.9 0.2315
1395.1 0.2233
1395.3 0.2154
1395.5 0.2080
1395.7 0.2011
1395.9 0.1946
1396.1 0.1881
1396.3 0.1814
1396.5 0.1745
1396.6 0.1678
1396.8 0.1617
1397 0.1565
1397.2 0.1518
1397.4 0.1472
1397.6 0.1427
1397.8 0.1383
1398 0.1341
1398.2 0.1302
1398.4 0.1263
1398.6 0.1221
1398.8 0.1177
1399 0.1132
1399.2 0.1088
1399.4 0.1049
1399.6 0.1012
1399.8 0.0978
1400 0.0947
1400.2 0.0916
1400.4 0.0886
1400.6 0.0855
1400.8 0.0823
1401 0.0791
1401.1 0.0764
1401.3 0.0742
1401.5 0.0724
1401.7 0.0706
1401.9 0.0686
1402.1 0.0663
1402.3 0.0638
1402.5 0.0611
1402.7 0.0585
1402.9 0.0561
1403.1 0.0542
1403.3 0.0528
1403.5 0.0518
1403.7 0.0507
1403.9 0.0493
1404.1 0.0476
1404.3 0.0457
1404.5 0.0437
1404.7 0.0420
1404.9 0.0406
1405.1 0.0393
1405.3 0.0383
1405.5 0.0373
1405.7 0.0362
1405.9 0.0351
1406.1 0.0342
1406.3 0.0336
1406.5 0.0331
1406.7 0.0325
1406.9 0.0314
1407.1 0.0299
1407.3 0.0284
1407.5 0.0272
1407.7 0.0267
1407.9 0.0265
1408.1 0.0260
1408.3 0.0251
1408.5 0.0239
1408.6 0.0227
1408.8 0.0219
1409 0.0215
1409.2 0.0212
1409.4 0.0209
1409.6 0.0207
1409.8 0.0203
1410 0.0198
1410.2 0.0190
1410.4 0.0182
1410.6 0.0175
1410.8 0.0171
1411 0.0170
1411.2 0.0169
1411.4 0.0165
1411.6 0.0160
1411.8 0.0154
1412 0.0151
1412.2 0.0149
1412.4 0.0146
1412.6 0.0141
1412.8 0.0136
1413 0.0133
1413.2 0.0131
1413.4 0.0129
1413.6 0.0129
1413.8 0.0129
1414 0.0132
1414.2 0.0137
1414.4 0.0141
1414.6 0.0140
1414.8 0.0136
1415 0.0129
1415.2 0.0120
1415.4 0.0113
1415.6 0.0108
1415.8 0.0105
1416 0.0104
1416.2 0.0104
1416.4 0.0104
1416.6 0.0102
1416.8 0.0096
1417 0.0088
1417.2 0.0082
1417.4 0.0080
1417.6 0.0080
1417.8 0.0080
1418 0.0078
1418.2 0.0073
1418.4 0.0067
1418.6 0.0062
1418.8 0.0059
1419 0.0059
1419.2 0.0061
1419.4 0.0065
1419.6 0.0068
1419.8 0.0067
1420.1 0.0063
1420.3 0.0058
1420.5 0.0055
1420.7 0.0057
1420.9 0.0063
1421.1 0.0069
1421.3 0.0072
1421.5 0.0072
1421.7 0.0068
1421.9 0.0063
1422.1 0.0058
1422.3 0.0052
1422.5 0.0047
1422.7 0.0044
1422.9 0.0044
1423.1 0.0047
1423.3 0.0049
1423.5 0.0049
1423.7 0.0046
1423.9 0.0041
1424.1 0.0036
1424.3 0.0031
1424.5 0.0025
1424.7 0.0019
1424.9 0.0017
1425.1 0.0018
1425.3 0.0022
1425.5 0.0026
1425.7 0.0028
1425.9 0.0028
1426.1 0.0027
1426.3 0.0026
1426.5 0.0024
1426.7 0.0023
1426.9 0.0024
1427.1 0.0026
1427.3 0.0030
1427.6 0.0033
1427.8 0.0034
1428 0.0034
1428.2 0.0034
1428.4 0.0034
1428.6 0.0035
1428.8 0.0035
1429 0.0034
1429.2 0.0031
1429.4 0.0028
1429.6 0.0027
1429.8 0.0026
1430 0.0026
1430.2 0.0026
1430.4 0.0025
1430.6 0.0026
1430.8 0.0029
1431 0.0033
1431.2 0.0037
1431.4 0.0040
1431.6 0.0040
1431.8 0.0039
1432 0.0037
1432.3 0.0034
1432.5 0.0032
1432.7 0.0029
1432.9 0.0025
1433.1 0.0022
1433.3 0.0020
1433.5 0.0018
1433.7 0.0015
1433.9 0.0011
1434.1 0.0006
1434.3 0.0000
