# Taken at http://www.eso.org/sci/facilities/paranal/decommissioned/isaac/inst/isaac_img.html
# nm Ksband
1950 0.0
1950.1 0.0020
1950.5 0.0017
1950.8 0.0018
1951.2 0.0020
1951.6 0.0021
1952 0.0019
1952.4 0.0014
1952.7 0.0010
1953.1 0.0010
1953.5 0.0012
1953.9 0.0017
1954.3 0.0022
1954.7 0.0026
1955 0.0026
1955.4 0.0025
1955.8 0.0021
1956.2 0.0018
1956.6 0.0017
1956.9 0.0020
1957.3 0.0024
1957.7 0.0028
1958.1 0.0032
1958.5 0.0035
1958.9 0.0038
1959.2 0.0042
1959.6 0.0046
1960 0.0049
1960.4 0.0050
1960.8 0.0050
1961.2 0.0049
1961.6 0.0049
1961.9 0.0047
1962.3 0.0043
1962.7 0.0038
1963.1 0.0033
1963.5 0.0029
1963.9 0.0028
1964.3 0.0031
1964.6 0.0039
1965 0.0051
1965.4 0.0062
1965.8 0.0068
1966.2 0.0066
1966.6 0.0057
1967 0.0046
1967.3 0.0039
1967.7 0.0036
1968.1 0.0036
1968.5 0.0037
1968.9 0.0038
1969.3 0.0041
1969.7 0.0045
1970.1 0.0050
1970.4 0.0056
1970.8 0.0060
1971.2 0.0063
1971.6 0.0065
1972 0.0067
1972.4 0.0068
1972.8 0.0068
1973.2 0.0069
1973.6 0.0072
1973.9 0.0077
1974.3 0.0081
1974.7 0.0082
1975.1 0.0078
1975.5 0.0074
1975.9 0.0073
1976.3 0.0077
1976.7 0.0082
1977.1 0.0087
1977.5 0.0087
1977.8 0.0086
1978.2 0.0085
1978.6 0.0086
1979 0.0088
1979.4 0.0088
1979.8 0.0088
1980.2 0.0087
1980.6 0.0088
1981 0.0093
1981.4 0.0099
1981.8 0.0107
1982.2 0.0116
1982.6 0.0126
1982.9 0.0135
1983.3 0.0143
1983.7 0.0148
1984.1 0.0151
1984.5 0.0154
1984.9 0.0160
1985.3 0.0166
1985.7 0.0173
1986.1 0.0180
1986.5 0.0187
1986.9 0.0193
1987.3 0.0198
1987.7 0.0201
1988.1 0.0202
1988.5 0.0202
1988.9 0.0203
1989.3 0.0207
1989.7 0.0213
1990 0.0220
1990.4 0.0227
1990.8 0.0235
1991.2 0.0245
1991.6 0.0256
1992 0.0267
1992.4 0.0276
1992.8 0.0285
1993.2 0.0295
1993.6 0.0307
1994 0.0319
1994.4 0.0331
1994.8 0.0340
1995.2 0.0349
1995.6 0.0357
1996 0.0369
1996.4 0.0382
1996.8 0.0396
1997.2 0.0411
1997.6 0.0427
1998 0.0446
1998.4 0.0468
1998.8 0.0490
1999.2 0.0509
1999.6 0.0525
2000 0.0540
2000.4 0.0555
2000.8 0.0573
2001.2 0.0592
2001.6 0.0611
2002 0.0630
2002.4 0.0651
2002.8 0.0676
2003.2 0.0704
2003.6 0.0735
2004 0.0765
2004.4 0.0795
2004.8 0.0824
2005.2 0.0854
2005.6 0.0885
2006 0.0916
2006.4 0.0949
2006.8 0.0984
2007.2 0.1019
2007.6 0.1056
2008 0.1094
2008.4 0.1135
2008.8 0.1181
2009.2 0.1233
2009.6 0.1287
2010.1 0.1340
2010.5 0.1390
2010.9 0.1437
2011.3 0.1486
2011.7 0.1542
2012.1 0.1604
2012.5 0.1668
2012.9 0.1733
2013.3 0.1796
2013.7 0.1861
2014.1 0.1929
2014.5 0.1999
2014.9 0.2071
2015.3 0.2146
2015.7 0.2226
2016.1 0.2311
2016.5 0.2399
2016.9 0.2486
2017.3 0.2570
2017.8 0.2653
2018.2 0.2738
2018.6 0.2830
2019 0.2927
2019.4 0.3023
2019.8 0.3118
2020.2 0.3212
2020.6 0.3307
2021 0.3408
2021.4 0.3511
2021.8 0.3615
2022.2 0.3721
2022.7 0.3828
2023.1 0.3935
2023.5 0.4040
2023.9 0.4144
2024.3 0.4248
2024.7 0.4356
2025.1 0.4471
2025.5 0.4586
2025.9 0.4699
2026.3 0.4807
2026.8 0.4912
2027.2 0.5020
2027.6 0.5131
2028 0.5241
2028.4 0.5347
2028.8 0.5450
2029.2 0.5551
2029.6 0.5652
2030 0.5750
2030.5 0.5840
2030.9 0.5925
2031.3 0.6009
2031.7 0.6096
2032.1 0.6184
2032.5 0.6269
2032.9 0.6346
2033.3 0.6420
2033.8 0.6497
2034.2 0.6575
2034.6 0.6650
2035 0.6717
2035.4 0.6775
2035.8 0.6830
2036.2 0.6887
2036.7 0.6944
2037.1 0.6999
2037.5 0.7049
2037.9 0.7095
2038.3 0.7144
2038.7 0.7197
2039.2 0.7247
2039.6 0.7291
2040 0.7330
2040.4 0.7367
2040.8 0.7406
2041.2 0.7443
2041.6 0.7473
2042.1 0.7497
2042.5 0.7523
2042.9 0.7550
2043.3 0.7579
2043.7 0.7604
2044.2 0.7618
2044.6 0.7631
2045 0.7649
2045.4 0.7673
2045.8 0.7701
2046.2 0.7725
2046.7 0.7742
2047.1 0.7758
2047.5 0.7776
2047.9 0.7794
2048.3 0.7808
2048.8 0.7818
2049.2 0.7827
2049.6 0.7840
2050 0.7860
2050.4 0.7878
2050.9 0.7891
2051.3 0.7901
2051.7 0.7910
2052.1 0.7924
2052.5 0.7938
2053 0.7945
2053.4 0.7947
2053.8 0.7950
2054.2 0.7958
2054.7 0.7974
2055.1 0.7991
2055.5 0.8004
2055.9 0.8013
2056.3 0.8025
2056.8 0.8039
2057.2 0.8052
2057.6 0.8063
2058 0.8069
2058.5 0.8077
2058.9 0.8090
2059.3 0.8104
2059.7 0.8114
2060.2 0.8120
2060.6 0.8123
2061 0.8130
2061.4 0.8141
2061.9 0.8150
2062.3 0.8155
2062.7 0.8159
2063.1 0.8164
2063.6 0.8176
2064 0.8191
2064.4 0.8203
2064.8 0.8213
2065.3 0.8227
2065.7 0.8241
2066.1 0.8255
2066.5 0.8264
2067 0.8264
2067.4 0.8265
2067.8 0.8276
2068.3 0.8296
2068.7 0.8319
2069.1 0.8335
2069.5 0.8342
2070 0.8348
2070.4 0.8360
2070.8 0.8375
2071.3 0.8389
2071.7 0.8399
2072.1 0.8406
2072.5 0.8419
2073 0.8436
2073.4 0.8449
2073.8 0.8454
2074.3 0.8453
2074.7 0.8452
2075.1 0.8460
2075.6 0.8475
2076 0.8488
2076.4 0.8498
2076.8 0.8506
2077.3 0.8512
2077.7 0.8519
2078.1 0.8524
2078.6 0.8524
2079 0.8525
2079.4 0.8531
2079.9 0.8541
2080.3 0.8551
2080.7 0.8554
2081.2 0.8551
2081.6 0.8552
2082 0.8561
2082.5 0.8576
2082.9 0.8589
2083.3 0.8597
2083.8 0.8598
2084.2 0.8601
2084.6 0.8609
2085.1 0.8614
2085.5 0.8615
2085.9 0.8613
2086.4 0.8612
2086.8 0.8616
2087.2 0.8623
2087.7 0.8625
2088.1 0.8623
2088.6 0.8621
2089 0.8622
2089.4 0.8628
2089.9 0.8632
2090.3 0.8630
2090.7 0.8625
2091.2 0.8626
2091.6 0.8631
2092.1 0.8641
2092.5 0.8648
2092.9 0.8647
2093.4 0.8645
2093.8 0.8645
2094.2 0.8647
2094.7 0.8648
2095.1 0.8648
2095.6 0.8647
2096 0.8651
2096.4 0.8658
2096.9 0.8663
2097.3 0.8662
2097.8 0.8659
2098.2 0.8657
2098.6 0.8659
2099.1 0.8662
2099.5 0.8658
2100 0.8649
2100.4 0.8642
2100.8 0.8641
2101.3 0.8649
2101.7 0.8657
2102.2 0.8659
2102.6 0.8659
2103 0.8660
2103.5 0.8663
2103.9 0.8666
2104.4 0.8663
2104.8 0.8653
2105.3 0.8645
2105.7 0.8646
2106.1 0.8650
2106.6 0.8652
2107 0.8648
2107.5 0.8638
2107.9 0.8633
2108.4 0.8636
2108.8 0.8638
2109.3 0.8637
2109.7 0.8630
2110.1 0.8623
2110.6 0.8624
2111 0.8631
2111.5 0.8636
2111.9 0.8636
2112.4 0.8631
2112.8 0.8626
2113.3 0.8627
2113.7 0.8630
2114.2 0.8630
2114.6 0.8629
2115.1 0.8629
2115.5 0.8630
2116 0.8631
2116.4 0.8630
2116.9 0.8624
2117.3 0.8619
2117.7 0.8619
2118.2 0.8621
2118.6 0.8621
2119.1 0.8619
2119.5 0.8613
2120 0.8612
2120.4 0.8615
2120.9 0.8617
2121.3 0.8616
2121.8 0.8613
2122.2 0.8610
2122.7 0.8613
2123.1 0.8619
2123.6 0.8622
2124 0.8622
2124.5 0.8623
2124.9 0.8626
2125.4 0.8634
2125.9 0.8639
2126.3 0.8638
2126.8 0.8632
2127.2 0.8626
2127.7 0.8623
2128.1 0.8623
2128.6 0.8622
2129 0.8620
2129.5 0.8623
2129.9 0.8631
2130.4 0.8639
2130.8 0.8645
2131.3 0.8646
2131.7 0.8643
2132.2 0.8645
2132.7 0.8651
2133.1 0.8655
2133.6 0.8655
2134 0.8651
2134.5 0.8648
2134.9 0.8653
2135.4 0.8662
2135.8 0.8669
2136.3 0.8673
2136.8 0.8675
2137.2 0.8680
2137.7 0.8689
2138.1 0.8698
2138.6 0.8700
2139 0.8700
2139.5 0.8702
2140 0.8707
2140.4 0.8715
2140.9 0.8719
2141.3 0.8718
2141.8 0.8718
2142.2 0.8719
2142.7 0.8720
2143.2 0.8717
2143.6 0.8708
2144.1 0.8698
2144.5 0.8696
2145 0.8704
2145.5 0.8716
2145.9 0.8728
2146.4 0.8734
2146.8 0.8738
2147.3 0.8744
2147.8 0.8751
2148.2 0.8754
2148.7 0.8753
2149.2 0.8752
2149.6 0.8753
2150.1 0.8760
2150.5 0.8767
2151 0.8769
2151.5 0.8768
2151.9 0.8769
2152.4 0.8774
2152.9 0.8781
2153.3 0.8786
2153.8 0.8786
2154.2 0.8787
2154.7 0.8792
2155.2 0.8797
2155.6 0.8801
2156.1 0.8801
2156.6 0.8798
2157 0.8801
2157.5 0.8809
2158 0.8815
2158.4 0.8817
2158.9 0.8814
2159.4 0.8809
2159.8 0.8808
2160.3 0.8811
2160.8 0.8811
2161.2 0.8810
2161.7 0.8808
2162.2 0.8807
2162.6 0.8812
2163.1 0.8816
2163.6 0.8814
2164 0.8810
2164.5 0.8807
2165 0.8806
2165.4 0.8808
2165.9 0.8808
2166.4 0.8806
2166.8 0.8806
2167.3 0.8810
2167.8 0.8814
2168.3 0.8816
2168.7 0.8812
2169.2 0.8805
2169.7 0.8801
2170.1 0.8801
2170.6 0.8800
2171.1 0.8795
2171.6 0.8788
2172 0.8782
2172.5 0.8784
2173 0.8790
2173.4 0.8791
2173.9 0.8786
2174.4 0.8777
2174.9 0.8768
2175.3 0.8765
2175.8 0.8764
2176.3 0.8761
2176.8 0.8758
2177.2 0.8757
2177.7 0.8758
2178.2 0.8758
2178.6 0.8754
2179.1 0.8744
2179.6 0.8736
2180.1 0.8733
2180.5 0.8734
2181 0.8736
2181.5 0.8735
2182 0.8732
2182.5 0.8731
2182.9 0.8731
2183.4 0.8727
2183.9 0.8718
2184.4 0.8705
2184.8 0.8693
2185.3 0.8688
2185.8 0.8688
2186.3 0.8684
2186.7 0.8676
2187.2 0.8667
2187.7 0.8660
2188.2 0.8657
2188.7 0.8653
2189.1 0.8644
2189.6 0.8632
2190.1 0.8625
2190.6 0.8621
2191.1 0.8621
2191.5 0.8617
2192 0.8608
2192.5 0.8600
2193 0.8595
2193.5 0.8594
2193.9 0.8593
2194.4 0.8588
2194.9 0.8579
2195.4 0.8572
2195.9 0.8568
2196.4 0.8561
2196.8 0.8550
2197.3 0.8537
2197.8 0.8526
2198.3 0.8524
2198.8 0.8529
2199.3 0.8533
2199.7 0.8533
2200.2 0.8533
2200.7 0.8536
2201.2 0.8542
2201.7 0.8547
2202.2 0.8544
2202.6 0.8535
2203.1 0.8526
2203.6 0.8520
2204.1 0.8518
2204.6 0.8515
2205.1 0.8508
2205.6 0.8503
2206 0.8503
2206.5 0.8506
2207 0.8508
2207.5 0.8506
2208 0.8502
2208.5 0.8501
2209 0.8504
2209.5 0.8505
2209.9 0.8502
2210.4 0.8496
2210.9 0.8492
2211.4 0.8499
2211.9 0.8512
2212.4 0.8523
2212.9 0.8529
2213.4 0.8528
2213.9 0.8527
2214.3 0.8530
2214.8 0.8535
2215.3 0.8538
2215.8 0.8543
2216.3 0.8550
2216.8 0.8561
2217.3 0.8571
2217.8 0.8576
2218.3 0.8573
2218.8 0.8571
2219.3 0.8574
2219.8 0.8581
2220.2 0.8589
2220.7 0.8591
2221.2 0.8590
2221.7 0.8594
2222.2 0.8605
2222.7 0.8617
2223.2 0.8626
2223.7 0.8628
2224.2 0.8628
2224.7 0.8634
2225.2 0.8645
2225.7 0.8655
2226.2 0.8664
2226.7 0.8671
2227.2 0.8679
2227.7 0.8691
2228.2 0.8701
2228.7 0.8704
2229.2 0.8703
2229.7 0.8704
2230.2 0.8707
2230.6 0.8713
2231.1 0.8717
2231.6 0.8714
2232.1 0.8714
2232.6 0.8720
2233.1 0.8730
2233.6 0.8739
2234.1 0.8741
2234.6 0.8739
2235.1 0.8740
2235.6 0.8747
2236.1 0.8751
2236.6 0.8748
2237.1 0.8736
2237.6 0.8722
2238.1 0.8717
2238.6 0.8721
2239.1 0.8725
2239.6 0.8727
2240.1 0.8726
2240.6 0.8725
2241.1 0.8729
2241.6 0.8731
2242.2 0.8725
2242.7 0.8715
2243.2 0.8706
2243.7 0.8703
2244.2 0.8705
2244.7 0.8705
2245.2 0.8696
2245.7 0.8687
2246.2 0.8683
2246.7 0.8684
2247.2 0.8685
2247.7 0.8680
2248.2 0.8668
2248.7 0.8661
2249.2 0.8662
2249.7 0.8666
2250.2 0.8669
2250.7 0.8665
2251.2 0.8657
2251.7 0.8655
2252.3 0.8657
2252.8 0.8657
2253.3 0.8652
2253.8 0.8641
2254.3 0.8632
2254.8 0.8632
2255.3 0.8635
2255.8 0.8635
2256.3 0.8630
2256.8 0.8623
2257.3 0.8619
2257.8 0.8621
2258.4 0.8624
2258.9 0.8622
2259.4 0.8621
2259.9 0.8624
2260.4 0.8631
2260.9 0.8639
2261.4 0.8641
2261.9 0.8636
2262.4 0.8634
2263 0.8635
2263.5 0.8639
2264 0.8643
2264.5 0.8643
2265 0.8643
2265.5 0.8650
2266 0.8662
2266.5 0.8672
2267.1 0.8678
2267.6 0.8682
2268.1 0.8687
2268.6 0.8698
2269.1 0.8708
2269.6 0.8708
2270.1 0.8704
2270.7 0.8700
2271.2 0.8702
2271.7 0.8712
2272.2 0.8718
2272.7 0.8716
2273.2 0.8711
2273.8 0.8708
2274.3 0.8706
2274.8 0.8703
2275.3 0.8690
2275.8 0.8667
2276.3 0.8645
2276.9 0.8628
2277.4 0.8614
2277.9 0.8598
2278.4 0.8571
2278.9 0.8539
2279.5 0.8508
2280 0.8478
2280.5 0.8441
2281 0.8395
2281.5 0.8337
2282.1 0.8276
2282.6 0.8218
2283.1 0.8159
2283.6 0.8092
2284.1 0.8015
2284.7 0.7930
2285.2 0.7842
2285.7 0.7756
2286.2 0.7666
2286.8 0.7568
2287.3 0.7465
2287.8 0.7359
2288.3 0.7250
2288.9 0.7137
2289.4 0.7016
2289.9 0.6887
2290.4 0.6757
2291 0.6630
2291.5 0.6502
2292 0.6371
2292.5 0.6235
2293.1 0.6094
2293.6 0.5956
2294.1 0.5817
2294.6 0.5675
2295.2 0.5530
2295.7 0.5385
2296.2 0.5243
2296.7 0.5107
2297.3 0.4973
2297.8 0.4836
2298.3 0.4696
2298.9 0.4557
2299.4 0.4422
2299.9 0.4294
2300.4 0.4167
2301 0.4035
2301.5 0.3901
2302 0.3769
2302.6 0.3641
2303.1 0.3521
2303.6 0.3407
2304.1 0.3295
2304.7 0.3188
2305.2 0.3083
2305.7 0.2978
2306.3 0.2875
2306.8 0.2772
2307.3 0.2671
2307.9 0.2575
2308.4 0.2483
2308.9 0.2393
2309.5 0.2305
2310 0.2219
2310.5 0.2137
2311.1 0.2059
2311.6 0.1984
2312.1 0.1912
2312.7 0.1841
2313.2 0.1773
2313.7 0.1706
2314.3 0.1642
2314.8 0.1578
2315.4 0.1514
2315.9 0.1451
2316.4 0.1389
2317 0.1330
2317.5 0.1276
2318 0.1226
2318.6 0.1180
2319.1 0.1136
2319.6 0.1093
2320.2 0.1050
2320.7 0.1009
2321.3 0.0969
2321.8 0.0932
2322.3 0.0896
2322.9 0.0859
2323.4 0.0824
2324 0.0790
2324.5 0.0761
2325 0.0734
2325.6 0.0706
2326.1 0.0676
2326.7 0.0644
2327.2 0.0612
2327.7 0.0583
2328.3 0.0557
2328.8 0.0533
2329.4 0.0509
2329.9 0.0485
2330.5 0.0463
2331 0.0445
2331.5 0.0429
2332.1 0.0415
2332.6 0.0401
2333.2 0.0387
2333.7 0.0372
2334.3 0.0356
2334.8 0.0340
2335.4 0.0322
2335.9 0.0304
2336.4 0.0288
2337 0.0275
2337.5 0.0265
2338.1 0.0255
2338.6 0.0244
2339.2 0.0233
2339.7 0.0222
2340.3 0.0211
2340.8 0.0201
2341.4 0.0191
2341.9 0.0183
2342.5 0.0178
2343 0.0174
2343.6 0.0171
2344.1 0.0167
2344.7 0.0158
2345.2 0.0149
2345.8 0.0140
2346.3 0.0134
2346.9 0.0131
2347.4 0.0128
2348 0.0124
2348.5 0.0117
2349.1 0.0110
2349.6 0.0104
2350.2 0.0099
2350.7 0.0095
2351.3 0.0092
2351.8 0.0088
2352.4 0.0086
2352.9 0.0085
2353.5 0.0085
2354 0.0084
2354.6 0.0081
2355.2 0.0075
2355.7 0.0068
2356.3 0.0061
2356.8 0.0056
2357.4 0.0053
2357.9 0.0051
2358.5 0.0052
2359 0.0052
2359.6 0.0054
2360.2 0.0054
2360.7 0.0054
2361.3 0.0052
2361.8 0.0049
2362.4 0.0046
2362.9 0.0042
2363.5 0.0039
2364.1 0.0036
2364.6 0.0033
2365.2 0.0029
2365.7 0.0025
2366.3 0.0022
2366.9 0.0022
2367.4 0.0023
2368 0.0024
2368.5 0.0024
2369.1 0.0023
2369.7 0.0023
2370.2 0.0026
2370.8 0.0031
2371.4 0.0037
2371.9 0.0041
2372.5 0.0040
2373 0.0035
2373.6 0.0028
2374.2 0.0023
2374.7 0.0021
2375.3 0.0020
2375.9 0.0019
2376.4 0.0018
2377 0.0016
2377.6 0.0015
2378.1 0.0015
2378.7 0.0017
2379.3 0.0019
2379.8 0.0021
2380.4 0.0021
2381 0.0021
2381.5 0.0021
2382.1 0.0021
2382.7 0.0021
2383.2 0.0022
2383.8 0.0023
2384.4 0.0026
2384.9 0.0028
2385.5 0.0029
2386.1 0.0027
2386.6 0.0024
2387.2 0.0021
2387.8 0.0020
2388.3 0.0022
2388.9 0.0025
2389.5 0.0027
2390.1 0.0026
2390.6 0.0021
2391.2 0.0014
2391.8 0.0008
2392.3 0.0005
2392.9 0.0005
2393.5 0.0005
2394.1 0.0006
2394.6 0.0007
2395.2 0.0008
2395.8 0.0010
2396.4 0.0010
2396.9 0.0010
2397.5 0.0011
2398.1 0.0012
2398.7 0.0014
2399.2 0.0017
2399.8 0.0020
2400 0.0
