# http://www.gemini.edu/sciops/instruments/niri/filters/niri-K-G0204.dat
# nm	%T
1950	0.0
1951	0.020287
1952	0.016837
1953	0.018177
1954	0.017961
1955	0.022002
1956	0.018818
1957	0.022825
1958	0.024498
1959	0.023245
1960	0.022704
1961	0.034332
1962	0.030195
1963	0.032847
1964	0.02959
1965	0.038143
1966	0.041282
1967	0.042691
1968	0.042124
1969	0.046845
1970	0.049804
1971	0.056431
1972	0.059048
1973	0.061863
1974	0.064648
1975	0.073465
1976	0.07113
1977	0.081545
1978	0.089258
1979	0.098614
1980	0.10289
1981	0.10768
1982	0.11911
1983	0.13253
1984	0.14312
1985	0.1581
1986	0.16501
1987	0.17729
1988	0.19772
1989	0.20791
1990	0.22476
1991	0.24089
1992	0.25709
1993	0.27146
1994	0.29992
1995	0.31984
1996	0.33489
1997	0.36963
1998	0.39238
1999	0.42417
2000	0.46086
2001	0.49608
2002	0.52891
2003	0.56818
2004	0.60923
2005	0.65327
2006	0.71606
2007	0.76542
2008	0.82962
2009	0.89486
2010	0.96719
2011	1.0433
2012	1.1358
2013	1.2253
2014	1.3303
2015	1.4358
2016	1.5608
2017	1.6978
2018	1.8513
2019	2.0164
2020	2.2013
2021	2.4001
2022	2.6207
2023	2.8725
2024	3.1412
2025	3.4483
2026	3.7951
2027	4.1555
2028	4.5664
2029	5.0243
2030	5.5217
2031	6.0898
2032	6.6982
2033	7.3709
2034	8.1231
2035	8.9427
2036	9.8487
2037	10.837
2038	11.929
2039	13.1
2040	14.401
2041	15.765
2042	17.29
2043	18.901
2044	20.687
2045	22.549
2046	24.492
2047	26.587
2048	28.747
2049	31.058
2050	33.503
2051	35.918
2052	38.452
2053	41.061
2054	43.692
2055	46.329
2056	49.055
2057	51.713
2058	54.381
2059	56.995
2060	59.549
2061	62.118
2062	64.527
2063	66.971
2064	69.274
2065	71.431
2066	73.544
2067	75.539
2068	77.378
2069	79.207
2070	80.822
2071	82.326
2072	83.74
2073	84.985
2074	86.129
2075	87.206
2076	88.107
2077	88.897
2078	89.613
2079	90.194
2080	90.696
2081	91.117
2082	91.464
2083	91.713
2084	91.899
2085	92.05
2086	92.155
2087	92.201
2088	92.232
2089	92.234
2090	92.201
2091	92.169
2092	92.127
2093	92.082
2094	92.021
2095	91.997
2096	91.958
2097	91.902
2098	91.894
2099	91.895
2100	91.895
2101	91.931
2102	91.988
2103	92.037
2104	92.091
2105	92.172
2106	92.263
2107	92.369
2108	92.454
2109	92.6
2110	92.744
2111	92.858
2112	92.991
2113	93.166
2114	93.273
2115	93.394
2116	93.517
2117	93.632
2118	93.747
2119	93.866
2120	93.97
2121	94.065
2122	94.083
2123	94.148
2124	94.211
2125	94.179
2126	94.22
2127	94.197
2128	94.138
2129	94.182
2130	94.127
2131	94.053
2132	93.965
2133	93.851
2134	93.725
2135	93.619
2136	93.491
2137	93.335
2138	93.205
2139	93.031
2140	92.847
2141	92.675
2142	92.477
2143	92.27
2144	92.105
2145	91.937
2146	91.758
2147	91.606
2148	91.472
2149	91.293
2150	91.157
2151	91.011
2152	90.889
2153	90.757
2154	90.659
2155	90.612
2156	90.514
2157	90.44
2158	90.406
2159	90.391
2160	90.336
2161	90.317
2162	90.334
2163	90.37
2164	90.419
2165	90.484
2166	90.554
2167	90.624
2168	90.708
2169	90.794
2170	90.898
2171	90.992
2172	91.136
2173	91.295
2174	91.421
2175	91.594
2176	91.734
2177	91.88
2178	92.031
2179	92.181
2180	92.354
2181	92.513
2182	92.702
2183	92.89
2184	93.061
2185	93.222
2186	93.384
2187	93.53
2188	93.655
2189	93.788
2190	93.955
2191	94.063
2192	94.187
2193	94.299
2194	94.376
2195	94.417
2196	94.487
2197	94.517
2198	94.53
2199	94.556
2200	94.568
2201	94.603
2202	94.592
2203	94.559
2204	94.555
2205	94.51
2206	94.473
2207	94.445
2208	94.441
2209	94.417
2210	94.414
2211	94.41
2212	94.402
2213	94.362
2214	94.321
2215	94.322
2216	94.289
2217	94.283
2218	94.308
2219	94.299
2220	94.263
2221	94.288
2222	94.284
2223	94.214
2224	94.24
2225	94.256
2226	94.265
2227	94.295
2228	94.309
2229	94.344
2230	94.332
2231	94.324
2232	94.336
2233	94.334
2234	94.328
2235	94.34
2236	94.389
2237	94.429
2238	94.417
2239	94.434
2240	94.46
2241	94.433
2242	94.446
2243	94.445
2244	94.494
2245	94.534
2246	94.526
2247	94.558
2248	94.563
2249	94.585
2250	94.574
2251	94.564
2252	94.583
2253	94.649
2254	94.661
2255	94.664
2256	94.711
2257	94.684
2258	94.675
2259	94.653
2260	94.665
2261	94.693
2262	94.741
2263	94.694
2264	94.659
2265	94.729
2266	94.695
2267	94.678
2268	94.69
2269	94.678
2270	94.767
2271	94.722
2272	94.693
2273	94.761
2274	94.749
2275	94.758
2276	94.835
2277	94.769
2278	94.836
2279	94.911
2280	94.918
2281	94.936
2282	95.039
2283	95.074
2284	95.021
2285	95.044
2286	95.173
2287	95.25
2288	95.259
2289	95.285
2290	95.408
2291	95.462
2292	95.428
2293	95.487
2294	95.444
2295	95.533
2296	95.544
2297	95.547
2298	95.527
2299	95.576
2300	95.567
2301	95.459
2302	95.39
2303	95.478
2304	95.366
2305	95.183
2306	95.183
2307	95.123
2308	94.985
2309	94.945
2310	94.86
2311	94.672
2312	94.563
2313	94.433
2314	94.304
2315	94.185
2316	94.047
2317	93.934
2318	93.78
2319	93.612
2320	93.552
2321	93.425
2322	93.27
2323	93.159
2324	93.085
2325	93.015
2326	92.92
2327	92.907
2328	92.867
2329	92.809
2330	92.802
2331	92.836
2332	92.868
2333	92.877
2334	92.967
2335	93.079
2336	93.161
2337	93.256
2338	93.433
2339	93.609
2340	93.724
2341	93.929
2342	94.112
2343	94.267
2344	94.472
2345	94.715
2346	94.889
2347	94.959
2348	95.173
2349	95.274
2350	95.275
2351	95.239
2352	95.125
2353	94.878
2354	94.497
2355	94.004
2356	93.324
2357	92.439
2358	91.301
2359	90.023
2360	88.394
2361	86.563
2362	84.431
2363	82.025
2364	79.407
2365	76.5
2366	73.302
2367	69.911
2368	66.406
2369	62.747
2370	59.039
2371	55.171
2372	51.343
2373	47.545
2374	43.788
2375	40.317
2376	36.916
2377	33.607
2378	30.587
2379	27.643
2380	24.98
2381	22.594
2382	20.315
2383	18.277
2384	16.447
2385	14.708
2386	13.177
2387	11.818
2388	10.597
2389	9.4698
2390	8.4837
2391	7.5893
2392	6.7885
2393	6.0762
2394	5.4504
2395	4.8864
2396	4.3779
2397	3.9292
2398	3.52
2399	3.1661
2400	2.8578
2401	2.5655
2402	2.3198
2403	2.0943
2404	1.8834
2405	1.7077
2406	1.5507
2407	1.4022
2408	1.2709
2409	1.1606
2410	1.0477
2411	0.95949
2412	0.87666
2413	0.79832
2414	0.73226
2415	0.67442
2416	0.61574
2417	0.56077
2418	0.51737
2419	0.47569
2420	0.4351
2421	0.40252
2422	0.37417
2423	0.34548
2424	0.31771
2425	0.28952
2426	0.27525
2427	0.25089
2428	0.24309
2429	0.21296
2430	0.19994
2431	0.19031
2432	0.17944
2433	0.16543
2434	0.16026
2435	0.14551
2436	0.13798
2437	0.12667
2438	0.12285
2439	0.11761
2440	0.099072
2441	0.099326
2442	0.092752
2443	0.087428
2444	0.080676
2445	0.073523
2446	0.077077
2447	0.065503
2448	0.071351
2449	0.064719
2450	0.061659
2451	0.05928
2452	0.051642
2453	0.044323
2454	0.051548
2455	0.048816
2456	0.045785
2457	0.041897
2458	0.038243
2459	0.036568
2460	0.03609
2461	0.039453
2462	0.035509
2463	0.039076
2464	0.035209
2465	0.032973
2466	0.029596
2467	0.032477
2468	0.022491
2469	0.029263
2470	0.023964
2471	0.021381
2472	0.027574
2473	0.031496
2474	0.01929
2475	0.022192
2476	0.023392
2477	0.02917
2478	0.015546
2479	0.019239
2480	0.019242
2481	0.022513
2482	0.017657
2483	0.020137
2484	0.022567
2485	0.016739
2486	0.020451
2487	0.017309
2488	0.017322
2489	0.015191
2490	0.016827
2491	0.014773
2492	0.013937
2493	0.017356
2494	0.012209
2495	0.016078
2496	0.014847
2497	0.013179
2498	0.010912
2499	0.011985
2500	0.0
