#Taken from http://www.mpe.mpg.de/~jcg/GROND/GROND_filtercurves.txt
#nm     HBand
1435	0.00000
1436	0.00010
1437	0.00010
1438	0.00010
1439	0.00010
1440	0.00010
1441	0.00010
1442	0.00010
1443	0.00010
1444	0.00010
1445	0.00010
1446	0.00010
1447	0.00020
1448	0.00020
1449	0.00020
1450	0.00020
1451	0.00020
1452	0.00030
1453	0.00030
1454	0.00030
1455	0.00030
1456	0.00040
1457	0.00040
1458	0.00040
1459	0.00040
1460	0.00040
1461	0.00050
1462	0.00050
1463	0.00050
1464	0.00050
1465	0.00040
1466	0.00040
1467	0.00030
1468	0.00030
1469	0.00020
1470	0.00020
1471	0.00020
1472	0.00040
1473	0.00060
1474	0.00100
1475	0.00160
1476	0.00230
1477	0.00310
1478	0.00420
1479	0.00540
1480	0.00680
1481	0.00830
1482	0.01010
1483	0.01210
1484	0.01430
1485	0.01670
1486	0.01950
1487	0.02270
1488	0.02620
1489	0.03010
1490	0.03460
1491	0.03950
1492	0.04490
1493	0.05110
1494	0.05800
1495	0.06550
1496	0.07380
1497	0.08290
1498	0.09290
1499	0.10390
1500	0.11540
1501	0.12820
1502	0.14180
1503	0.15640
1504	0.17160
1505	0.18800
1506	0.20510
1507	0.22280
1508	0.24110
1509	0.25970
1510	0.27900
1511	0.29820
1512	0.31720
1513	0.33610
1514	0.35520
1515	0.37370
1516	0.39200
1517	0.40930
1518	0.42580
1519	0.44160
1520	0.45640
1521	0.47010
1522	0.48270
1523	0.49460
1524	0.50540
1525	0.51490
1526	0.52330
1527	0.53090
1528	0.53760
1529	0.54330
1530	0.54800
1531	0.55220
1532	0.55600
1533	0.55910
1534	0.56140
1535	0.56320
1536	0.56480
1537	0.56590
1538	0.56700
1539	0.56730
1540	0.56740
1541	0.56720
1542	0.56720
1543	0.56680
1544	0.56650
1545	0.56570
1546	0.56500
1547	0.56440
1548	0.56410
1549	0.56320
1550	0.56210
1551	0.56120
1552	0.56030
1553	0.55980
1554	0.55910
1555	0.55840
1556	0.55730
1557	0.55640
1558	0.55590
1559	0.55500
1560	0.55430
1561	0.55330
1562	0.55250
1563	0.55190
1564	0.55120
1565	0.55060
1566	0.55020
1567	0.55010
1568	0.54960
1569	0.54930
1570	0.54870
1571	0.54800
1572	0.54720
1573	0.54670
1574	0.54620
1575	0.54600
1576	0.54550
1577	0.54530
1578	0.54500
1579	0.54430
1580	0.54360
1581	0.54350
1582	0.54330
1583	0.54290
1584	0.54260
1585	0.54270
1586	0.54270
1587	0.54260
1588	0.54260
1589	0.54230
1590	0.54180
1591	0.54130
1592	0.54120
1593	0.54090
1594	0.54090
1595	0.54110
1596	0.54110
1597	0.54080
1598	0.54010
1599	0.53940
1600	0.53880
1601	0.53870
1602	0.53830
1603	0.53800
1604	0.53790
1605	0.53780
1606	0.53760
1607	0.53730
1608	0.53670
1609	0.53650
1610	0.53610
1611	0.53590
1612	0.53570
1613	0.53590
1614	0.53550
1615	0.53550
1616	0.53560
1617	0.53530
1618	0.53500
1619	0.53440
1620	0.53420
1621	0.53370
1622	0.53300
1623	0.53310
1624	0.53320
1625	0.53320
1626	0.53320
1627	0.53300
1628	0.53280
1629	0.53280
1630	0.53250
1631	0.53230
1632	0.53230
1633	0.53210
1634	0.53220
1635	0.53200
1636	0.53140
1637	0.53090
1638	0.53060
1639	0.53060
1640	0.53030
1641	0.53050
1642	0.53050
1643	0.53040
1644	0.53020
1645	0.53010
1646	0.53020
1647	0.52960
1648	0.52870
1649	0.52900
1650	0.52940
1651	0.52970
1652	0.53030
1653	0.53040
1654	0.53070
1655	0.53080
1656	0.53130
1657	0.53180
1658	0.53160
1659	0.53140
1660	0.53170
1661	0.53210
1662	0.53210
1663	0.53220
1664	0.53230
1665	0.53280
1666	0.53320
1667	0.53350
1668	0.53400
1669	0.53450
1670	0.53430
1671	0.53440
1672	0.53470
1673	0.53480
1674	0.53490
1675	0.53480
1676	0.53490
1677	0.53490
1678	0.53550
1679	0.53590
1680	0.53600
1681	0.53640
1682	0.53620
1683	0.53580
1684	0.53600
1685	0.53590
1686	0.53610
1687	0.53650
1688	0.53670
1689	0.53660
1690	0.53700
1691	0.53690
1692	0.53670
1693	0.53650
1694	0.53670
1695	0.53670
1696	0.53690
1697	0.53680
1698	0.53640
1699	0.53640
1700	0.53670
1701	0.53650
1702	0.53630
1703	0.53610
1704	0.53590
1705	0.53560
1706	0.53560
1707	0.53580
1708	0.53570
1709	0.53570
1710	0.53540
1711	0.53550
1712	0.53540
1713	0.53540
1714	0.53530
1715	0.53560
1716	0.53570
1717	0.53580
1718	0.53540
1719	0.53550
1720	0.53550
1721	0.53580
1722	0.53590
1723	0.53620
1724	0.53680
1725	0.53700
1726	0.53730
1727	0.53750
1728	0.53780
1729	0.53800
1730	0.53820
1731	0.53890
1732	0.53930
1733	0.53950
1734	0.53990
1735	0.54070
1736	0.54110
1737	0.54110
1738	0.54160
1739	0.54200
1740	0.54240
1741	0.54310
1742	0.54320
1743	0.54320
1744	0.54340
1745	0.54330
1746	0.54320
1747	0.54270
1748	0.54210
1749	0.54140
1750	0.54050
1751	0.53880
1752	0.53720
1753	0.53530
1754	0.53300
1755	0.53020
1756	0.52710
1757	0.52320
1758	0.51910
1759	0.51410
1760	0.50870
1761	0.50250
1762	0.49550
1763	0.48820
1764	0.48020
1765	0.47180
1766	0.46240
1767	0.45260
1768	0.44200
1769	0.43100
1770	0.41940
1771	0.40750
1772	0.39510
1773	0.38220
1774	0.36910
1775	0.35580
1776	0.34220
1777	0.32900
1778	0.31580
1779	0.30220
1780	0.28890
1781	0.27580
1782	0.26270
1783	0.25010
1784	0.23790
1785	0.22580
1786	0.21420
1787	0.20310
1788	0.19240
1789	0.18190
1790	0.17200
1791	0.16260
1792	0.15370
1793	0.14530
1794	0.13710
1795	0.12940
1796	0.12210
1797	0.11530
1798	0.10880
1799	0.10260
1800	0.09680
1801	0.09140
1802	0.08610
1803	0.08130
1804	0.07680
1805	0.07260
1806	0.06860
1807	0.06500
1808	0.06150
1809	0.05810
1810	0.05470
1811	0.05150
1812	0.04870
1813	0.04630
1814	0.04420
1815	0.04210
1816	0.03990
1817	0.03750
1818	0.03530
1819	0.03340
1820	0.03180
1821	0.03040
1822	0.02900
1823	0.02760
1824	0.02620
1825	0.02480
1826	0.02350
1827	0.02220
1828	0.02110
1829	0.01990
1830	0.01890
1831	0.01800
1832	0.01730
1833	0.01700
1834	0.01670
1835	0.01590
1836	0.01480
1837	0.01350
1838	0.01260
1839	0.01220
1840	0.01220
1841	0.01220
1842	0.01170
1843	0.01090
1844	0.01020
1845	0.00990
1846	0.00960
1847	0.00910
1848	0.00840
1849	0.00800
1850	0.00780
1851	0.00770
1852	0.00770
1853	0.00780
1854	0.00750
1855	0.00710
1856	0.00660
1857	0.00590
1858	0.00530
1859	0.00500
1860	0.00470
1861	0.00440
1862	0.00440
1863	0.00440
1864	0.00430
1865	0.00440
1866	0.00460
1867	0.00470
1868	0.00470
1869	0.00470
1870	0.00430
1871	0.00400
1872	0.00380
1873	0.00360
1874	0.00330
1875	0.00320
1876	0.00320
1877	0.00300
1878	0.00290
1879	0.00260
1880	0.00250
1881	0.00280
1882	0.00290
1883	0.00300
1884	0.00300
1885	0.00280
1886	0.00250
1887	0.00210
1888	0.00190
1889	0.00190
1890	0.00200
1891	0.00190
1892	0.00170
1893	0.00160
1894	0.00170
1895	0.00180
1896	0.00180
1897	0.00200
1898	0.00210
1899	0.00200
1900	0.00180
1901	0.00150
1902	0.00120
1903	0.00120
1904	0.00140
1905	0.00150
1906	0.00150
1907	0.00150
1908	0.00120
1909	0.00090
1910	0.00070
1911	0.00080
1912	0.00100
1913	0.00090
1914	0.00090
1915	0.00100
1916	0.00090
1917	0.00080
1918	0.00080
1919	0.00090
1920	0.00090
1921	0.00090
1922	0.00100
1923	0.00100
1924	0.00100
1925	0.00070
1926	0.00070
1927	0.00080
1928	0.00080
1929	0.00080
1930	0.00080
1931	0.00080
1932	0.00070
1933	0.00060
1934	0.00060
1935	0.00070
1936	0.00070
1937	0.00060
1938	0.00070
1939	0.00070
1940	0.00060
1941	0.00070
1942	0.00060
1943	0.00050
1944	0.00050
1945	0.00060
1946	0.00060
1947	0.00050
1948	0.00040
1949	0.00040
1950	0.00050
1951	0.00060
1952	0.00060
1953	0.00040
1954	0.00040
1955	0.00050
1956	0.00050
1957	0.00050
1958	0.00040
1959	0.00030
1960	0.00040
1961	0.00050
1962	0.00040
1963	0.00030
1964	0.00040
1965	0.00040
1966	0.00040
1967	0.00030
1968	0.00040
1969	0.00030
1970	0.00030
1971	0.00030
1972	0.00040
1973	0.00040
1974	0.00030
1975	0.00020
1976	0.00030
1977	0.00030
1978	0.00020
1979	0.00030
1980	0.00030
1981	0.00020
1982	0.00020
1983	0.00030
1984	0.00030
1985	0.00020
1986	0.00020
1987	0.00020
1988	0.00020
1989	0.00020
1990	0.00020
1991	0.00020
1992	0.00010
1993	0.00010
1994	0.00010
1995	0.00020
1996	0.00020
1997	0.00020
1998	0.00020
1999	0.00020
2000	0.00010
2001	0.00010
2002	0.00010
2003	0.00010
2004	0.00010
2005	0.00010
2006	0.00010
2007	0.00010
2008	0.00010
2009	0.00010
2010	0.00000
