#Taken from http://www.mpe.mpg.de/~jcg/GROND/GROND_filtercurves.txt
#nm     JBand
1041	0.00000
1042	0.00010
1043	0.00010
1044	0.00010
1045	0.00010
1046	0.00010
1047	0.00010
1048	0.00010
1049	0.00010
1050	0.00010
1051	0.00010
1052	0.00020
1053	0.00020
1054	0.00020
1055	0.00030
1056	0.00030
1057	0.00040
1058	0.00050
1059	0.00060
1060	0.00080
1061	0.00100
1062	0.00120
1063	0.00140
1064	0.00170
1065	0.00200
1066	0.00250
1067	0.00290
1068	0.00350
1069	0.00410
1070	0.00480
1071	0.00560
1072	0.00650
1073	0.00750
1074	0.00870
1075	0.01000
1076	0.01140
1077	0.01300
1078	0.01480
1079	0.01690
1080	0.01910
1081	0.02150
1082	0.02440
1083	0.02740
1084	0.03070
1085	0.03440
1086	0.03830
1087	0.04260
1088	0.04720
1089	0.05220
1090	0.05760
1091	0.06340
1092	0.06950
1093	0.07620
1094	0.08300
1095	0.09010
1096	0.09770
1097	0.10560
1098	0.11360
1099	0.12190
1100	0.13010
1101	0.13810
1102	0.14590
1103	0.15320
1104	0.15990
1105	0.16570
1106	0.17010
1107	0.17300
1108	0.17360
1109	0.17200
1110	0.16820
1111	0.16260
1112	0.15660
1113	0.15200
1114	0.15190
1115	0.15930
1116	0.17610
1117	0.20100
1118	0.23030
1119	0.26100
1120	0.29010
1121	0.31620
1122	0.33860
1123	0.35730
1124	0.37330
1125	0.38690
1126	0.39780
1127	0.40650
1128	0.41410
1129	0.42010
1130	0.42470
1131	0.42890
1132	0.43230
1133	0.43510
1134	0.43760
1135	0.43950
1136	0.44070
1137	0.44180
1138	0.44260
1139	0.44300
1140	0.44350
1141	0.44330
1142	0.44310
1143	0.44280
1144	0.44240
1145	0.44210
1146	0.44200
1147	0.44180
1148	0.44170
1149	0.44150
1150	0.44150
1151	0.44130
1152	0.44100
1153	0.44120
1154	0.44130
1155	0.44160
1156	0.44160
1157	0.44170
1158	0.44180
1159	0.44200
1160	0.44260
1161	0.44300
1162	0.44360
1163	0.44410
1164	0.44460
1165	0.44540
1166	0.44610
1167	0.44700
1168	0.44780
1169	0.44850
1170	0.44950
1171	0.45010
1172	0.45090
1173	0.45170
1174	0.45260
1175	0.45330
1176	0.45420
1177	0.45530
1178	0.45620
1179	0.45730
1180	0.45830
1181	0.45950
1182	0.46050
1183	0.46140
1184	0.46230
1185	0.46330
1186	0.46430
1187	0.46540
1188	0.46630
1189	0.46700
1190	0.46790
1191	0.46910
1192	0.47020
1193	0.47130
1194	0.47250
1195	0.47350
1196	0.47450
1197	0.47580
1198	0.47700
1199	0.47790
1200	0.47890
1201	0.47980
1202	0.48060
1203	0.48170
1204	0.48250
1205	0.48340
1206	0.48430
1207	0.48520
1208	0.48620
1209	0.48700
1210	0.48790
1211	0.48850
1212	0.48950
1213	0.49030
1214	0.49110
1215	0.49200
1216	0.49300
1217	0.49390
1218	0.49490
1219	0.49600
1220	0.49710
1221	0.49820
1222	0.49910
1223	0.50010
1224	0.50100
1225	0.50200
1226	0.50320
1227	0.50420
1228	0.50510
1229	0.50610
1230	0.50700
1231	0.50760
1232	0.50820
1233	0.50870
1234	0.50930
1235	0.50970
1236	0.51050
1237	0.51150
1238	0.51260
1239	0.51350
1240	0.51460
1241	0.51510
1242	0.51590
1243	0.51660
1244	0.51720
1245	0.51770
1246	0.51840
1247	0.51930
1248	0.51970
1249	0.52020
1250	0.52090
1251	0.52170
1252	0.52230
1253	0.52280
1254	0.52340
1255	0.52390
1256	0.52420
1257	0.52440
1258	0.52460
1259	0.52520
1260	0.52580
1261	0.52640
1262	0.52680
1263	0.52740
1264	0.52820
1265	0.52880
1266	0.52950
1267	0.53060
1268	0.53120
1269	0.53190
1270	0.53290
1271	0.53280
1272	0.53270
1273	0.53280
1274	0.53300
1275	0.53330
1276	0.53370
1277	0.53430
1278	0.53460
1279	0.53490
1280	0.53500
1281	0.53500
1282	0.53530
1283	0.53550
1284	0.53590
1285	0.53630
1286	0.53650
1287	0.53660
1288	0.53670
1289	0.53680
1290	0.53670
1291	0.53680
1292	0.53690
1293	0.53660
1294	0.53610
1295	0.53620
1296	0.53590
1297	0.53590
1298	0.53560
1299	0.53560
1300	0.53520
1301	0.53470
1302	0.53440
1303	0.53370
1304	0.53280
1305	0.53230
1306	0.53210
1307	0.53170
1308	0.53160
1309	0.53140
1310	0.53120
1311	0.53100
1312	0.53110
1313	0.53100
1314	0.53110
1315	0.53120
1316	0.53160
1317	0.53170
1318	0.53210
1319	0.53270
1320	0.53320
1321	0.53370
1322	0.53440
1323	0.53520
1324	0.53590
1325	0.53640
1326	0.53680
1327	0.53710
1328	0.53730
1329	0.53720
1330	0.53710
1331	0.53660
1332	0.53610
1333	0.53500
1334	0.53280
1335	0.53070
1336	0.52780
1337	0.52360
1338	0.51850
1339	0.51260
1340	0.50560
1341	0.49740
1342	0.48810
1343	0.47750
1344	0.46600
1345	0.45340
1346	0.43950
1347	0.42460
1348	0.40850
1349	0.39170
1350	0.37430
1351	0.35550
1352	0.33700
1353	0.31900
1354	0.30070
1355	0.28260
1356	0.26560
1357	0.24800
1358	0.22970
1359	0.21320
1360	0.19820
1361	0.18370
1362	0.17030
1363	0.15770
1364	0.14590
1365	0.13520
1366	0.12540
1367	0.11590
1368	0.10700
1369	0.09890
1370	0.09150
1371	0.08480
1372	0.07800
1373	0.07160
1374	0.06580
1375	0.06100
1376	0.05680
1377	0.05300
1378	0.04920
1379	0.04540
1380	0.04180
1381	0.03900
1382	0.03670
1383	0.03420
1384	0.03160
1385	0.02920
1386	0.02700
1387	0.02500
1388	0.02340
1389	0.02260
1390	0.02150
1391	0.01970
1392	0.01770
1393	0.01660
1394	0.01640
1395	0.01570
1396	0.01420
1397	0.01300
1398	0.01240
1399	0.01180
1400	0.01110
1401	0.01050
1402	0.01010
1403	0.01000
1404	0.00940
1405	0.00840
1406	0.00750
1407	0.00740
1408	0.00740
1409	0.00710
1410	0.00640
1411	0.00600
1412	0.00590
1413	0.00580
1414	0.00560
1415	0.00510
1416	0.00470
1417	0.00450
1418	0.00420
1419	0.00400
1420	0.00390
1421	0.00370
1422	0.00360
1423	0.00350
1424	0.00350
1425	0.00340
1426	0.00340
1427	0.00320
1428	0.00310
1429	0.00280
1430	0.00250
1431	0.00240
1432	0.00240
1433	0.00220
1434	0.00210
1435	0.00210
1436	0.00210
1437	0.00210
1438	0.00220
1439	0.00210
1440	0.00180
1441	0.00160
1442	0.00160
1443	0.00160
1444	0.00160
1445	0.00150
1446	0.00140
1447	0.00140
1448	0.00150
1449	0.00150
1450	0.00150
1451	0.00150
1452	0.00150
1453	0.00140
1454	0.00110
1455	0.00100
1456	0.00110
1457	0.00110
1458	0.00110
1459	0.00110
1460	0.00110
1461	0.00080
1462	0.00080
1463	0.00080
1464	0.00090
1465	0.00070
1466	0.00080
1467	0.00070
1468	0.00060
1469	0.00050
1470	0.00050
1471	0.00050
1472	0.00060
1473	0.00060
1474	0.00060
1475	0.00060
1476	0.00060
1477	0.00070
1478	0.00070
1479	0.00070
1480	0.00070
1481	0.00060
1482	0.00050
1483	0.00040
1484	0.00040
1485	0.00040
1486	0.00040
1487	0.00040
1488	0.00050
1489	0.00050
1490	0.00050
1491	0.00050
1492	0.00040
1493	0.00030
1494	0.00020
1495	0.00020
1496	0.00020
1497	0.00020
1498	0.00020
1499	0.00030
1500	0.00030
1501	0.00030
1502	0.00030
1503	0.00030
1504	0.00020
1505	0.00010
1506	0.00010
1507	0.00010
1508	0.00010
1509	0.00010
1510	0.00010
1511	0.00010
1512	0.00010
1513	0.00010
1514	0.00010
1515	0.00010
1516	0.00000
