350.00 0.0000
351.00 0.0000
352.00 0.0000
353.00 0.0000
354.00 0.0000
355.00 0.0000
356.00 0.0000
357.00 0.0000
358.00 0.0000
359.00 0.0000
360.00 0.0000
361.00 0.0000
362.00 0.0000
363.00 0.0000
364.00 0.0000
365.00 0.0000
366.00 0.0000
367.00 0.0000
368.00 0.0000
369.00 0.0000
370.00 0.0000
371.00 0.0000
372.00 0.0000
373.00 0.0000
374.00 0.0000
375.00 0.0000
376.00 0.0000
377.00 0.0000
378.00 0.0000
379.00 0.0000
380.00 0.0000
381.00 0.0000
382.00 0.0000
383.00 0.0000
384.00 0.0000
385.00 0.0000
386.00 0.0000
387.00 0.0000
388.00 0.0000
389.00 0.0000
390.00 0.0000
391.00 0.0000
392.00 0.0000
393.00 0.0000
394.00 0.0000
395.00 0.0000
396.00 0.0000
397.00 0.0000
398.00 0.0000
399.00 0.0000
400.00 0.0000
401.00 0.0000
402.00 0.0000
403.00 0.0000
404.00 0.0000
405.00 0.0000
406.00 0.0000
407.00 0.0000
408.00 0.0000
409.00 0.0000
410.00 0.0000
411.00 0.0000
412.00 0.0000
413.00 0.0000
414.00 0.0000
415.00 0.0000
416.00 0.0000
417.00 0.0000
418.00 0.0000
419.00 0.0000
420.00 0.0000
421.00 0.0000
422.00 0.0000
423.00 0.0000
424.00 0.0000
425.00 0.0000
426.00 0.0000
427.00 0.0000
428.00 0.0000
429.00 0.0000
430.00 0.0000
431.00 0.0000
432.00 0.0000
433.00 0.0000
434.00 0.0000
435.00 0.0000
436.00 0.0000
437.00 0.0000
438.00 0.0000
439.00 0.0000
440.00 0.0000
441.00 0.0000
442.00 0.0000
443.00 0.0000
444.00 0.0000
445.00 0.0000
446.00 0.0000
447.00 0.0000
448.00 0.0000
449.00 0.0000
450.00 0.0000
451.00 0.0000
452.00 0.0000
453.00 0.0000
454.00 0.0000
455.00 0.0000
456.00 0.0000
457.00 0.0000
458.00 0.0000
459.00 0.0000
460.00 0.0000
461.00 0.0000
462.00 0.0000
463.00 0.0000
464.00 0.0000
465.00 0.0000
466.00 0.0000
467.00 0.0000
468.00 0.0000
469.00 0.0000
470.00 0.0000
471.00 0.0000
472.00 0.0000
473.00 0.0000
474.00 0.0000
475.00 0.0000
476.00 0.0000
477.00 0.0000
478.00 0.0000
479.00 0.0000
480.00 0.0000
481.00 0.0000
482.00 0.0000
483.00 0.0000
484.00 0.0000
485.00 0.0000
486.00 0.0000
487.00 0.0000
488.00 0.0000
489.00 0.0000
490.00 0.0000
491.00 0.0000
492.00 0.0000
493.00 0.0000
494.00 0.0000
495.00 0.0000
496.00 0.0000
497.00 0.0000
498.00 0.0000
499.00 0.0000
500.00 0.0000
501.00 0.0000
502.00 0.0000
503.00 0.0000
504.00 0.0000
505.00 0.0000
506.00 0.0000
507.00 0.0000
508.00 0.0000
509.00 0.0000
510.00 0.0000
511.00 0.0000
512.00 0.0000
513.00 0.0000
514.00 0.0000
515.00 0.0000
516.00 0.0000
517.00 0.0000
518.00 0.0000
519.00 0.0000
520.00 0.0000
521.00 0.0000
522.00 0.0000
523.00 0.0000
524.00 0.0000
525.00 0.0000
526.00 0.0000
527.00 0.0000
528.00 0.0000
529.00 0.0000
530.00 0.0000
531.00 0.0000
532.00 0.0000
533.00 0.0000
534.00 0.0000
535.00 0.0000
536.00 0.0000
537.00 0.0000
538.00 0.0000
539.00 0.0000
540.00 0.0000
541.00 0.0000
542.00 0.0000
543.00 0.0000
544.00 0.0000
545.00 0.0000
546.00 0.0000
547.00 0.0000
548.00 0.0000
549.00 0.0000
550.00 0.0000
551.00 0.0000
552.00 0.0000
553.00 0.0000
554.00 0.0000
555.00 0.0000
556.00 0.0000
557.00 0.0000
558.00 0.0000
559.00 0.0000
560.00 0.0000
561.00 0.0000
562.00 0.0000
563.00 0.0000
564.00 0.0000
565.00 0.0000
566.00 0.0000
567.00 0.0000
568.00 0.0000
569.00 0.0000
570.00 0.0000
571.00 0.0000
572.00 0.0000
573.00 0.0000
574.00 0.0000
575.00 0.0000
576.00 0.0000
577.00 0.0000
578.00 0.0000
579.00 0.0000
580.00 0.0000
581.00 0.0000
582.00 0.0000
583.00 0.0000
584.00 0.0000
585.00 0.0000
586.00 0.0000
587.00 0.0000
588.00 0.0000
589.00 0.0000
590.00 0.0000
591.00 0.0000
592.00 0.0000
593.00 0.0000
594.00 0.0000
595.00 0.0000
596.00 0.0000
597.00 0.0000
598.00 0.0000
599.00 0.0000
600.00 0.0000
601.00 0.0000
602.00 0.0000
603.00 0.0000
604.00 0.0000
605.00 0.0000
606.00 0.0000
607.00 0.0000
608.00 0.0000
609.00 0.0000
610.00 0.0000
611.00 0.0000
612.00 0.0000
613.00 0.0000
614.00 0.0000
615.00 0.0000
616.00 0.0000
617.00 0.0000
618.00 0.0000
619.00 0.0000
620.00 0.0000
621.00 0.0000
622.00 0.0000
623.00 0.0000
624.00 0.0000
625.00 0.0000
626.00 0.0000
627.00 0.0000
628.00 0.0000
629.00 0.0000
630.00 0.0000
631.00 0.0000
632.00 0.0000
633.00 0.0000
634.00 0.0000
635.00 0.0000
636.00 0.0000
637.00 0.0000
638.00 0.0000
639.00 0.0000
640.00 0.0000
641.00 0.0000
642.00 0.0000
643.00 0.0000
644.00 0.0000
645.00 0.0000
646.00 0.0000
647.00 0.0000
648.00 0.0000
649.00 0.0000
650.00 0.0000
651.00 0.0000
652.00 0.0000
653.00 0.0000
654.00 0.0000
655.00 0.0000
656.00 0.0000
657.00 0.0000
658.00 0.0000
659.00 0.0000
660.00 0.0000
661.00 0.0000
662.00 0.0000
663.00 0.0000
664.00 0.0000
665.00 0.0000
666.00 0.0000
667.00 0.0000
668.00 0.0000
669.00 0.0000
670.00 0.0000
671.00 0.0000
672.00 0.0000
673.00 0.0000
674.00 0.0000
675.00 0.0000
676.00 0.0000
677.00 0.0000
678.00 0.0000
679.00 0.0000
680.00 0.0000
681.00 0.0000
682.00 0.0000
683.00 0.0000
684.00 0.0000
685.00 0.0000
686.00 0.0000
687.00 0.0000
688.00 0.0000
689.00 0.0000
690.00 0.0000
691.00 0.0000
692.00 0.0000
693.00 0.0000
694.00 0.0000
695.00 0.0000
696.00 0.0000
697.00 0.0000
698.00 0.0000
699.00 0.0000
700.00 0.0000
701.00 0.0000
702.00 0.0000
703.00 0.0000
704.00 0.0000
705.00 0.0000
706.00 0.0000
707.00 0.0000
708.00 0.0000
709.00 0.0000
710.00 0.0000
711.00 0.0000
712.00 0.0000
713.00 0.0000
714.00 0.0000
715.00 0.0000
716.00 0.0000
717.00 0.0000
718.00 0.0000
719.00 0.0000
720.00 0.0000
721.00 0.0000
722.00 0.0000
723.00 0.0000
724.00 0.0000
725.00 0.0000
726.00 0.0000
727.00 0.0000
728.00 0.0000
729.00 0.0000
730.00 0.0000
731.00 0.0000
732.00 0.0000
733.00 0.0000
734.00 0.0000
735.00 0.0000
736.00 0.0000
737.00 0.0000
738.00 0.0000
739.00 0.0000
740.00 0.0000
741.00 0.0000
742.00 0.0000
743.00 0.0000
744.00 0.0000
745.00 0.0000
746.00 0.0000
747.00 0.0000
748.00 0.0000
749.00 0.0000
750.00 0.0000
751.00 0.0000
752.00 0.0000
753.00 0.0000
754.00 0.0000
755.00 0.0000
756.00 0.0000
757.00 0.0000
758.00 0.0000
759.00 0.0000
760.00 0.0000
761.00 0.0000
762.00 0.0000
763.00 0.0000
764.00 0.0000
765.00 0.0000
766.00 0.0000
767.00 0.0000
768.00 0.0000
769.00 0.0000
770.00 0.0000
771.00 0.0000
772.00 0.0000
773.00 0.0000
774.00 0.0000
775.00 0.0000
776.00 0.0000
777.00 0.0000
778.00 0.0000
779.00 0.0000
780.00 0.0000
781.00 0.0000
782.00 0.0000
783.00 0.0000
784.00 0.0000
785.00 0.0000
786.00 0.0000
787.00 0.0000
788.00 0.0000
789.00 0.0000
790.00 0.0000
791.00 0.0000
792.00 0.0000
793.00 0.0000
794.00 0.0000
795.00 0.0000
796.00 0.0000
797.00 0.0000
798.00 0.0000
799.00 0.0000
800.00 0.0000
801.00 0.0000
802.00 0.0000
803.00 0.0000
804.00 0.0000
805.00 0.0000
806.00 0.0000
807.00 0.0000
808.00 0.0000
809.00 0.0000
810.00 0.0000
811.00 0.0000
812.00 0.0000
813.00 0.0000
814.00 0.0000
815.00 0.0000
816.00 0.0000
817.00 0.0000
818.00 0.0000
819.00 0.3569
820.00 0.3549
821.00 0.3553
822.00 0.3532
823.00 0.3537
824.00 0.3516
825.00 0.3507
826.00 0.3499
827.00 0.3515
828.00 0.3495
829.00 0.3474
830.00 0.3478
831.00 0.3468
832.00 0.3459
833.00 0.3449
834.00 0.3451
835.00 0.3430
836.00 0.3420
837.00 0.3423
838.00 0.3425
839.00 0.3415
840.00 0.3418
841.00 0.3394
842.00 0.3395
843.00 0.3384
844.00 0.3373
845.00 0.3361
846.00 0.3374
847.00 0.3362
848.00 0.3339
849.00 0.3328
850.00 0.3340
851.00 0.3338
852.00 0.3336
853.00 0.3334
854.00 0.3332
855.00 0.3330
856.00 0.3328
857.00 0.3325
858.00 0.3323
859.00 0.3320
860.00 0.3318
861.00 0.3314
862.00 0.3309
863.00 0.3305
864.00 0.3300
865.00 0.3295
866.00 0.3291
867.00 0.3286
868.00 0.3281
869.00 0.3276
870.00 0.3271
871.00 0.3264
872.00 0.3258
873.00 0.3251
874.00 0.3244
875.00 0.3237
876.00 0.3230
877.00 0.3222
878.00 0.3215
879.00 0.3207
880.00 0.3200
881.00 0.3191
882.00 0.3182
883.00 0.3172
884.00 0.3163
885.00 0.3153
886.00 0.3143
887.00 0.3134
888.00 0.3124
889.00 0.3114
890.00 0.3104
891.00 0.3092
892.00 0.3080
893.00 0.3068
894.00 0.3057
895.00 0.3044
896.00 0.3032
897.00 0.3020
898.00 0.3007
899.00 0.2995
900.00 0.2982
901.00 0.2961
902.00 0.2939
903.00 0.2917
904.00 0.2896
905.00 0.2874
906.00 0.2852
907.00 0.2830
908.00 0.2809
909.00 0.2787
910.00 0.2765
911.00 0.2742
912.00 0.2719
913.00 0.2696
914.00 0.2673
915.00 0.2650
916.00 0.2627
917.00 0.2604
918.00 0.2581
919.00 0.2558
920.00 0.2534
921.00 0.2511
922.00 0.2487
923.00 0.2463
924.00 0.2439
925.00 0.2415
926.00 0.2392
927.00 0.2368
928.00 0.2344
929.00 0.2320
930.00 0.2296
931.00 0.2272
932.00 0.2247
933.00 0.2223
934.00 0.2199
935.00 0.2174
936.00 0.2150
937.00 0.2126
938.00 0.2101
939.00 0.2077
940.00 0.2052
941.00 0.2028
942.00 0.2003
943.00 0.1979
944.00 0.1955
945.00 0.1930
946.00 0.1906
947.00 0.1881
948.00 0.1857
949.00 0.1832
950.00 0.1807
951.00 0.1783
952.00 0.1759
953.00 0.1735
954.00 0.1711
955.00 0.1687
956.00 0.1662
957.00 0.1638
958.00 0.1614
959.00 0.1589
960.00 0.1565
961.00 0.1542
962.00 0.1518
963.00 0.1495
964.00 0.1471
965.00 0.1448
966.00 0.1424
967.00 0.1401
968.00 0.1377
969.00 0.1353
970.00 0.1330
971.00 0.1308
972.00 0.1285
973.00 0.1263
974.00 0.1240
975.00 0.1218
976.00 0.1196
977.00 0.1173
978.00 0.1151
979.00 0.1128
980.00 0.1106
981.00 0.1085
982.00 0.1064
983.00 0.1043
984.00 0.1022
985.00 0.1001
986.00 0.0980
987.00 0.0959
988.00 0.0938
989.00 0.0917
990.00 0.0896
991.00 0.0877
992.00 0.0858
993.00 0.0839
994.00 0.0820
995.00 0.0801
996.00 0.0782
997.00 0.0762
998.00 0.0743
999.00 0.0724
1000.00 0.0705
1001.00 0.0688
1002.00 0.0671
1003.00 0.0654
1004.00 0.0637
1005.00 0.0619
1006.00 0.0602
1007.00 0.0585
1008.00 0.0568
1009.00 0.0551
1010.00 0.0534
1011.00 0.0519
1012.00 0.0505
1013.00 0.0490
1014.00 0.0475
1015.00 0.0461
1016.00 0.0446
1017.00 0.0431
1018.00 0.0417
1019.00 0.0402
1020.00 0.0387
1021.00 0.0375
1022.00 0.0363
1023.00 0.0351
1024.00 0.0339
1025.00 0.0327
1026.00 0.0315
1027.00 0.0303
1028.00 0.0291
1029.00 0.0279
1030.00 0.0267
1031.00 0.0258
1032.00 0.0249
1033.00 0.0240
1034.00 0.0230
1035.00 0.0221
1036.00 0.0212
1037.00 0.0202
1038.00 0.0193
1039.00 0.0184
1040.00 0.0175
1041.00 0.0168
1042.00 0.0161
1043.00 0.0153
1044.00 0.0146
1045.00 0.0139
1046.00 0.0132
1047.00 0.0125
1048.00 0.0118
1049.00 0.0111
1050.00 0.0104
1051.00 0.0094
1052.00 0.0083
1053.00 0.0073
1054.00 0.0062
1055.00 0.0052
1056.00 0.0042
1057.00 0.0031
1058.00 0.0021
1059.00 0.0010
1060.00 0.0000
1061.00 0.0000
1062.00 0.0000
1063.00 0.0000
1064.00 0.0000
1065.00 0.0000
1066.00 0.0000
1067.00 0.0000
1068.00 0.0000
1069.00 0.0000
1070.00 0.0000
1071.00 0.0000
1072.00 0.0000
1073.00 0.0000
1074.00 0.0000
1075.00 0.0000
1076.00 0.0000
1077.00 0.0000
1078.00 0.0000
1079.00 0.0000
1080.00 0.0000
1081.00 0.0000
1082.00 0.0000
1083.00 0.0000
1084.00 0.0000
1085.00 0.0000
1086.00 0.0000
1087.00 0.0000
1088.00 0.0000
1089.00 0.0000
1090.00 0.0000
1091.00 0.0000
1092.00 0.0000
1093.00 0.0000
1094.00 0.0000
1095.00 0.0000
1096.00 0.0000
1097.00 0.0000
1098.00 0.0000
1099.00 0.0000
1100.00 0.0000
1101.00 0.0000
1102.00 0.0000
1103.00 0.0000
1104.00 0.0000
1105.00 0.0000
1106.00 0.0000
1107.00 0.0000
1108.00 0.0000
1109.00 0.0000
1110.00 0.0000
1111.00 0.0000
1112.00 0.0000
1113.00 0.0000
1114.00 0.0000
1115.00 0.0000
1116.00 0.0000
1117.00 0.0000
1118.00 0.0000
1119.00 0.0000
1120.00 0.0000
1121.00 0.0000
1122.00 0.0000
1123.00 0.0000
1124.00 0.0000
1125.00 0.0000
1126.00 0.0000
1127.00 0.0000
1128.00 0.0000
1129.00 0.0000
1130.00 0.0000
1131.00 0.0000
1132.00 0.0000
1133.00 0.0000
1134.00 0.0000
1135.00 0.0000
1136.00 0.0000
1137.00 0.0000
1138.00 0.0000
1139.00 0.0000
1140.00 0.0000
1141.00 0.0000
1142.00 0.0000
1143.00 0.0000
1144.00 0.0000
1145.00 0.0000
1146.00 0.0000
1147.00 0.0000
1148.00 0.0000
1149.00 0.0000
1150.00 0.0000
1151.00 0.0000
1152.00 0.0000
1153.00 0.0000
1154.00 0.0000
1155.00 0.0000
1156.00 0.0000
1157.00 0.0000
1158.00 0.0000
1159.00 0.0000
1160.00 0.0000
1161.00 0.0000
1162.00 0.0000
1163.00 0.0000
1164.00 0.0000
1165.00 0.0000
1166.00 0.0000
1167.00 0.0000
1168.00 0.0000
1169.00 0.0000
1170.00 0.0000
1171.00 0.0000
1172.00 0.0000
1173.00 0.0000
1174.00 0.0000
1175.00 0.0000
1176.00 0.0000
1177.00 0.0000
1178.00 0.0000
1179.00 0.0000
1180.00 0.0000
1181.00 0.0000
1182.00 0.0000
1183.00 0.0000
1184.00 0.0000
1185.00 0.0000
1186.00 0.0000
1187.00 0.0000
1188.00 0.0000
1189.00 0.0000
1190.00 0.0000
1191.00 0.0000
1192.00 0.0000
1193.00 0.0000
1194.00 0.0000
1195.00 0.0000
1196.00 0.0000
1197.00 0.0000
1198.00 0.0000
1199.00 0.0000
1200.00 0.0000
1201.00 0.0000
1202.00 0.0000
1203.00 0.0000
1204.00 0.0000
1205.00 0.0000
1206.00 0.0000
1207.00 0.0000
1208.00 0.0000
1209.00 0.0000
1210.00 0.0000
1211.00 0.0000
1212.00 0.0000
1213.00 0.0000
1214.00 0.0000
1215.00 0.0000
1216.00 0.0000
1217.00 0.0000
1218.00 0.0000
1219.00 0.0000
1220.00 0.0000
1221.00 0.0000
1222.00 0.0000
1223.00 0.0000
1224.00 0.0000
1225.00 0.0000
1226.00 0.0000
1227.00 0.0000
1228.00 0.0000
1229.00 0.0000
1230.00 0.0000
1231.00 0.0000
1232.00 0.0000
1233.00 0.0000
1234.00 0.0000
1235.00 0.0000
1236.00 0.0000
1237.00 0.0000
1238.00 0.0000
1239.00 0.0000
1240.00 0.0000
1241.00 0.0000
1242.00 0.0000
1243.00 0.0000
1244.00 0.0000
1245.00 0.0000
1246.00 0.0000
1247.00 0.0000
1248.00 0.0000
1249.00 0.0000
1250.00 0.0000
1251.00 0.0000
1252.00 0.0000
1253.00 0.0000
1254.00 0.0000
1255.00 0.0000
1256.00 0.0000
1257.00 0.0000
1258.00 0.0000
1259.00 0.0000
1260.00 0.0000
1261.00 0.0000
1262.00 0.0000
1263.00 0.0000
1264.00 0.0000
1265.00 0.0000
1266.00 0.0000
1267.00 0.0000
1268.00 0.0000
1269.00 0.0000
1270.00 0.0000
1271.00 0.0000
1272.00 0.0000
1273.00 0.0000
1274.00 0.0000
1275.00 0.0000
1276.00 0.0000
1277.00 0.0000
1278.00 0.0000
1279.00 0.0000
1280.00 0.0000
1281.00 0.0000
1282.00 0.0000
1283.00 0.0000
1284.00 0.0000
1285.00 0.0000
1286.00 0.0000
1287.00 0.0000
1288.00 0.0000
1289.00 0.0000
1290.00 0.0000
1291.00 0.0000
1292.00 0.0000
1293.00 0.0000
1294.00 0.0000
1295.00 0.0000
1296.00 0.0000
1297.00 0.0000
1298.00 0.0000
1299.00 0.0000
1300.00 0.0000
1301.00 0.0000
1302.00 0.0000
1303.00 0.0000
1304.00 0.0000
1305.00 0.0000
1306.00 0.0000
1307.00 0.0000
1308.00 0.0000
1309.00 0.0000
1310.00 0.0000
1311.00 0.0000
1312.00 0.0000
1313.00 0.0000
1314.00 0.0000
1315.00 0.0000
1316.00 0.0000
1317.00 0.0000
1318.00 0.0000
1319.00 0.0000
1320.00 0.0000
1321.00 0.0000
1322.00 0.0000
1323.00 0.0000
1324.00 0.0000
1325.00 0.0000
1326.00 0.0000
1327.00 0.0000
1328.00 0.0000
1329.00 0.0000
1330.00 0.0000
1331.00 0.0000
1332.00 0.0000
1333.00 0.0000
1334.00 0.0000
1335.00 0.0000
1336.00 0.0000
1337.00 0.0000
1338.00 0.0000
1339.00 0.0000
1340.00 0.0000
1341.00 0.0000
1342.00 0.0000
1343.00 0.0000
1344.00 0.0000
1345.00 0.0000
1346.00 0.0000
1347.00 0.0000
1348.00 0.0000
1349.00 0.0000
1350.00 0.0000
1351.00 0.0000
1352.00 0.0000
1353.00 0.0000
1354.00 0.0000
1355.00 0.0000
1356.00 0.0000
1357.00 0.0000
1358.00 0.0000
1359.00 0.0000
1360.00 0.0000
1361.00 0.0000
1362.00 0.0000
1363.00 0.0000
1364.00 0.0000
1365.00 0.0000
1366.00 0.0000
1367.00 0.0000
1368.00 0.0000
1369.00 0.0000
1370.00 0.0000
1371.00 0.0000
1372.00 0.0000
1373.00 0.0000
1374.00 0.0000
1375.00 0.0000
1376.00 0.0000
1377.00 0.0000
1378.00 0.0000
1379.00 0.0000
1380.00 0.0000
1381.00 0.0000
1382.00 0.0000
1383.00 0.0000
1384.00 0.0000
1385.00 0.0000
1386.00 0.0000
1387.00 0.0000
1388.00 0.0000
1389.00 0.0000
1390.00 0.0000
1391.00 0.0000
1392.00 0.0000
1393.00 0.0000
1394.00 0.0000
1395.00 0.0000
1396.00 0.0000
1397.00 0.0000
1398.00 0.0000
1399.00 0.0000
1400.00 0.0000
1401.00 0.0000
1402.00 0.0000
1403.00 0.0000
1404.00 0.0000
1405.00 0.0000
1406.00 0.0000
1407.00 0.0000
1408.00 0.0000
1409.00 0.0000
1410.00 0.0000
1411.00 0.0000
1412.00 0.0000
1413.00 0.0000
1414.00 0.0000
1415.00 0.0000
1416.00 0.0000
1417.00 0.0000
1418.00 0.0000
1419.00 0.0000
1420.00 0.0000
1421.00 0.0000
1422.00 0.0000
1423.00 0.0000
1424.00 0.0000
1425.00 0.0000
1426.00 0.0000
1427.00 0.0000
1428.00 0.0000
1429.00 0.0000
1430.00 0.0000
1431.00 0.0000
1432.00 0.0000
1433.00 0.0000
1434.00 0.0000
1435.00 0.0000
1436.00 0.0000
1437.00 0.0000
1438.00 0.0000
1439.00 0.0000
1440.00 0.0000
1441.00 0.0000
1442.00 0.0000
1443.00 0.0000
1444.00 0.0000
1445.00 0.0000
1446.00 0.0000
1447.00 0.0000
1448.00 0.0000
1449.00 0.0000
1450.00 0.0000
1451.00 0.0000
1452.00 0.0000
1453.00 0.0000
1454.00 0.0000
1455.00 0.0000
1456.00 0.0000
1457.00 0.0000
1458.00 0.0000
1459.00 0.0000
1460.00 0.0000
1461.00 0.0000
1462.00 0.0000
1463.00 0.0000
1464.00 0.0000
1465.00 0.0000
1466.00 0.0000
1467.00 0.0000
1468.00 0.0000
1469.00 0.0000
1470.00 0.0000
1471.00 0.0000
1472.00 0.0000
1473.00 0.0000
1474.00 0.0000
1475.00 0.0000
1476.00 0.0000
1477.00 0.0000
1478.00 0.0000
1479.00 0.0000
1480.00 0.0000
1481.00 0.0000
1482.00 0.0000
1483.00 0.0000
1484.00 0.0000
1485.00 0.0000
1486.00 0.0000
1487.00 0.0000
1488.00 0.0000
1489.00 0.0000
1490.00 0.0000
1491.00 0.0000
1492.00 0.0000
1493.00 0.0000
1494.00 0.0000
1495.00 0.0000
1496.00 0.0000
1497.00 0.0000
1498.00 0.0000
1499.00 0.0000
1500.00 0.0000
1501.00 0.0000
1502.00 0.0000
1503.00 0.0000
1504.00 0.0000
1505.00 0.0000
1506.00 0.0000
1507.00 0.0000
1508.00 0.0000
1509.00 0.0000
1510.00 0.0000
1511.00 0.0000
1512.00 0.0000
1513.00 0.0000
1514.00 0.0000
1515.00 0.0000
1516.00 0.0000
1517.00 0.0000
1518.00 0.0000
1519.00 0.0000
1520.00 0.0000
1521.00 0.0000
1522.00 0.0000
1523.00 0.0000
1524.00 0.0000
1525.00 0.0000
1526.00 0.0000
1527.00 0.0000
1528.00 0.0000
1529.00 0.0000
1530.00 0.0000
1531.00 0.0000
1532.00 0.0000
1533.00 0.0000
1534.00 0.0000
1535.00 0.0000
1536.00 0.0000
1537.00 0.0000
1538.00 0.0000
1539.00 0.0000
1540.00 0.0000
1541.00 0.0000
1542.00 0.0000
1543.00 0.0000
1544.00 0.0000
1545.00 0.0000
1546.00 0.0000
1547.00 0.0000
1548.00 0.0000
1549.00 0.0000
1550.00 0.0000
1551.00 0.0000
1552.00 0.0000
1553.00 0.0000
1554.00 0.0000
1555.00 0.0000
1556.00 0.0000
1557.00 0.0000
1558.00 0.0000
1559.00 0.0000
1560.00 0.0000
1561.00 0.0000
1562.00 0.0000
1563.00 0.0000
1564.00 0.0000
1565.00 0.0000
1566.00 0.0000
1567.00 0.0000
1568.00 0.0000
1569.00 0.0000
1570.00 0.0000
1571.00 0.0000
1572.00 0.0000
1573.00 0.0000
1574.00 0.0000
1575.00 0.0000
1576.00 0.0000
1577.00 0.0000
1578.00 0.0000
1579.00 0.0000
1580.00 0.0000
1581.00 0.0000
1582.00 0.0000
1583.00 0.0000
1584.00 0.0000
1585.00 0.0000
1586.00 0.0000
1587.00 0.0000
1588.00 0.0000
1589.00 0.0000
1590.00 0.0000
1591.00 0.0000
1592.00 0.0000
1593.00 0.0000
1594.00 0.0000
1595.00 0.0000
1596.00 0.0000
1597.00 0.0000
1598.00 0.0000
1599.00 0.0000
1600.00 0.0000
1601.00 0.0000
1602.00 0.0000
1603.00 0.0000
1604.00 0.0000
1605.00 0.0000
1606.00 0.0000
1607.00 0.0000
1608.00 0.0000
1609.00 0.0000
1610.00 0.0000
1611.00 0.0000
1612.00 0.0000
1613.00 0.0000
1614.00 0.0000
1615.00 0.0000
1616.00 0.0000
1617.00 0.0000
1618.00 0.0000
1619.00 0.0000
1620.00 0.0000
1621.00 0.0000
1622.00 0.0000
1623.00 0.0000
1624.00 0.0000
1625.00 0.0000
1626.00 0.0000
1627.00 0.0000
1628.00 0.0000
1629.00 0.0000
1630.00 0.0000
1631.00 0.0000
1632.00 0.0000
1633.00 0.0000
1634.00 0.0000
1635.00 0.0000
1636.00 0.0000
1637.00 0.0000
1638.00 0.0000
1639.00 0.0000
1640.00 0.0000
1641.00 0.0000
1642.00 0.0000
1643.00 0.0000
1644.00 0.0000
1645.00 0.0000
1646.00 0.0000
1647.00 0.0000
1648.00 0.0000
1649.00 0.0000
1650.00 0.0000
1651.00 0.0000
1652.00 0.0000
1653.00 0.0000
1654.00 0.0000
1655.00 0.0000
1656.00 0.0000
1657.00 0.0000
1658.00 0.0000
1659.00 0.0000
1660.00 0.0000
1661.00 0.0000
1662.00 0.0000
1663.00 0.0000
1664.00 0.0000
1665.00 0.0000
1666.00 0.0000
1667.00 0.0000
1668.00 0.0000
1669.00 0.0000
1670.00 0.0000
1671.00 0.0000
1672.00 0.0000
1673.00 0.0000
1674.00 0.0000
1675.00 0.0000
1676.00 0.0000
1677.00 0.0000
1678.00 0.0000
1679.00 0.0000
1680.00 0.0000
1681.00 0.0000
1682.00 0.0000
1683.00 0.0000
1684.00 0.0000
1685.00 0.0000
1686.00 0.0000
1687.00 0.0000
1688.00 0.0000
1689.00 0.0000
1690.00 0.0000
1691.00 0.0000
1692.00 0.0000
1693.00 0.0000
1694.00 0.0000
1695.00 0.0000
1696.00 0.0000
1697.00 0.0000
1698.00 0.0000
1699.00 0.0000
1700.00 0.0000
1701.00 0.0000
1702.00 0.0000
1703.00 0.0000
1704.00 0.0000
1705.00 0.0000
1706.00 0.0000
1707.00 0.0000
1708.00 0.0000
1709.00 0.0000
1710.00 0.0000
1711.00 0.0000
1712.00 0.0000
1713.00 0.0000
1714.00 0.0000
1715.00 0.0000
1716.00 0.0000
1717.00 0.0000
1718.00 0.0000
1719.00 0.0000
1720.00 0.0000
1721.00 0.0000
1722.00 0.0000
1723.00 0.0000
1724.00 0.0000
1725.00 0.0000
1726.00 0.0000
1727.00 0.0000
1728.00 0.0000
1729.00 0.0000
1730.00 0.0000
1731.00 0.0000
1732.00 0.0000
1733.00 0.0000
1734.00 0.0000
1735.00 0.0000
1736.00 0.0000
1737.00 0.0000
1738.00 0.0000
1739.00 0.0000
1740.00 0.0000
1741.00 0.0000
1742.00 0.0000
1743.00 0.0000
1744.00 0.0000
1745.00 0.0000
1746.00 0.0000
1747.00 0.0000
1748.00 0.0000
1749.00 0.0000
1750.00 0.0000
1751.00 0.0000
1752.00 0.0000
1753.00 0.0000
1754.00 0.0000
1755.00 0.0000
1756.00 0.0000
1757.00 0.0000
1758.00 0.0000
1759.00 0.0000
1760.00 0.0000
1761.00 0.0000
1762.00 0.0000
1763.00 0.0000
1764.00 0.0000
1765.00 0.0000
1766.00 0.0000
1767.00 0.0000
1768.00 0.0000
1769.00 0.0000
1770.00 0.0000
1771.00 0.0000
1772.00 0.0000
1773.00 0.0000
1774.00 0.0000
1775.00 0.0000
1776.00 0.0000
1777.00 0.0000
1778.00 0.0000
1779.00 0.0000
1780.00 0.0000
1781.00 0.0000
1782.00 0.0000
1783.00 0.0000
1784.00 0.0000
1785.00 0.0000
1786.00 0.0000
1787.00 0.0000
1788.00 0.0000
1789.00 0.0000
1790.00 0.0000
1791.00 0.0000
1792.00 0.0000
1793.00 0.0000
1794.00 0.0000
1795.00 0.0000
1796.00 0.0000
1797.00 0.0000
1798.00 0.0000
1799.00 0.0000
1800.00 0.0000
1801.00 0.0000
1802.00 0.0000
1803.00 0.0000
1804.00 0.0000
1805.00 0.0000
1806.00 0.0000
1807.00 0.0000
1808.00 0.0000
1809.00 0.0000
1810.00 0.0000
1811.00 0.0000
1812.00 0.0000
1813.00 0.0000
1814.00 0.0000
1815.00 0.0000
1816.00 0.0000
1817.00 0.0000
1818.00 0.0000
1819.00 0.0000
1820.00 0.0000
1821.00 0.0000
1822.00 0.0000
1823.00 0.0000
1824.00 0.0000
1825.00 0.0000
1826.00 0.0000
1827.00 0.0000
1828.00 0.0000
1829.00 0.0000
1830.00 0.0000
1831.00 0.0000
1832.00 0.0000
1833.00 0.0000
1834.00 0.0000
1835.00 0.0000
1836.00 0.0000
1837.00 0.0000
1838.00 0.0000
1839.00 0.0000
1840.00 0.0000
1841.00 0.0000
1842.00 0.0000
1843.00 0.0000
1844.00 0.0000
1845.00 0.0000
1846.00 0.0000
1847.00 0.0000
1848.00 0.0000
1849.00 0.0000
1850.00 0.0000
1851.00 0.0000
1852.00 0.0000
1853.00 0.0000
1854.00 0.0000
1855.00 0.0000
1856.00 0.0000
1857.00 0.0000
1858.00 0.0000
1859.00 0.0000
1860.00 0.0000
1861.00 0.0000
1862.00 0.0000
1863.00 0.0000
1864.00 0.0000
1865.00 0.0000
1866.00 0.0000
1867.00 0.0000
1868.00 0.0000
1869.00 0.0000
1870.00 0.0000
1871.00 0.0000
1872.00 0.0000
1873.00 0.0000
1874.00 0.0000
1875.00 0.0000
1876.00 0.0000
1877.00 0.0000
1878.00 0.0000
1879.00 0.0000
1880.00 0.0000
1881.00 0.0000
1882.00 0.0000
1883.00 0.0000
1884.00 0.0000
1885.00 0.0000
1886.00 0.0000
1887.00 0.0000
1888.00 0.0000
1889.00 0.0000
1890.00 0.0000
1891.00 0.0000
1892.00 0.0000
1893.00 0.0000
1894.00 0.0000
1895.00 0.0000
1896.00 0.0000
1897.00 0.0000
1898.00 0.0000
1899.00 0.0000
1900.00 0.0000
1901.00 0.0000
1902.00 0.0000
1903.00 0.0000
1904.00 0.0000
1905.00 0.0000
1906.00 0.0000
1907.00 0.0000
1908.00 0.0000
1909.00 0.0000
1910.00 0.0000
1911.00 0.0000
1912.00 0.0000
1913.00 0.0000
1914.00 0.0000
1915.00 0.0000
1916.00 0.0000
1917.00 0.0000
1918.00 0.0000
1919.00 0.0000
1920.00 0.0000
1921.00 0.0000
1922.00 0.0000
1923.00 0.0000
1924.00 0.0000
1925.00 0.0000
1926.00 0.0000
1927.00 0.0000
1928.00 0.0000
1929.00 0.0000
1930.00 0.0000
1931.00 0.0000
1932.00 0.0000
1933.00 0.0000
1934.00 0.0000
1935.00 0.0000
1936.00 0.0000
1937.00 0.0000
1938.00 0.0000
1939.00 0.0000
1940.00 0.0000
1941.00 0.0000
1942.00 0.0000
1943.00 0.0000
1944.00 0.0000
1945.00 0.0000
1946.00 0.0000
1947.00 0.0000
1948.00 0.0000
1949.00 0.0000
1950.00 0.0000
1951.00 0.0000
1952.00 0.0000
1953.00 0.0000
1954.00 0.0000
1955.00 0.0000
1956.00 0.0000
1957.00 0.0000
1958.00 0.0000
1959.00 0.0000
1960.00 0.0000
1961.00 0.0000
1962.00 0.0000
1963.00 0.0000
1964.00 0.0000
1965.00 0.0000
1966.00 0.0000
1967.00 0.0000
1968.00 0.0000
1969.00 0.0000
1970.00 0.0000
1971.00 0.0000
1972.00 0.0000
1973.00 0.0000
1974.00 0.0000
1975.00 0.0000
1976.00 0.0000
1977.00 0.0000
1978.00 0.0000
1979.00 0.0000
1980.00 0.0000
1981.00 0.0000
1982.00 0.0000
1983.00 0.0000
1984.00 0.0000
1985.00 0.0000
1986.00 0.0000
1987.00 0.0000
1988.00 0.0000
1989.00 0.0000
1990.00 0.0000
1991.00 0.0000
1992.00 0.0000
1993.00 0.0000
1994.00 0.0000
1995.00 0.0000
1996.00 0.0000
1997.00 0.0000
1998.00 0.0000
1999.00 0.0000
2000.00 0.0000
